912 168 68890003
912 356 68890003
912 439 68890156
912 266 68890156
912 77 68890156
912 260 68890156
912 168 68890156
912 949 68890156
912 416 68890156
912 472 68890156
912 575 68890156
912 232 68890156
912 648 68890434
912 472 68890434
804 532 68897806
66 575 68903647
535 369 68908470
800 62 68912100
804 761 68919589
135 292 68919823
761 804 68921646
323 906 68924997
804 761 68925906
292 135 68929920
439 949 68931783
305 232 68940384
812 790 68962670
812 790 68962879
233 540 68981963
532 804 68983180
532 761 68983180
135 581 68992713
356 912 68997554
356 730 68997554
761 532 68998110
761 532 68998381
439 168 68999021
949 168 68999213
532 804 69000319
532 761 69000319
532 761 69000363
532 761 69001769
418 153 69002101
812 790 69002462
790 812 69002498
356 912 69004072
356 730 69004072
78 506 69004973
506 78 69005234
74 256 69006635
453 595 69008145
356 416 69009815
356 765 69009815
356 948 69009815
356 250 69009815
356 416 69010175
356 765 69010175
356 77 69010175
86 443 69010475
86 443 69011212
86 152 69011212
761 532 69012469
168 439 69013712
168 949 69013740
912 356 69017273
912 730 69017273
356 912 69017457
356 730 69017457
356 912 69017539
356 730 69017539
356 912 69017635
356 730 69017635
416 648 69018296
605 1001 69019013
605 685 69019013
782 472 69026057
439 912 69036576
439 168 69036576
168 912 69041979
168 356 69041979
168 472 69041979
168 912 69042732
765 104 69050148
659 306 69053497
925 697 69054002
925 311 69054002
925 955 69054002
947 774 69054691
774 540 69055078
774 947 69055517
774 947 69055609
947 774 69055610
947 774 69056074
774 947 69056076
947 774 69056298
774 947 69056360
947 774 69056468
774 947 69056532
278 923 69056566
947 774 69056727
880 923 69056832
774 947 69056844
947 774 69057067
471 15 69057078
471 840 69057264
700 2 69057417
774 947 69057429
471 518 69057444
947 774 69057598
774 947 69057825
469 630 69057833
290 614 69057896
589 383 69057960
167 141 69058054
15 471 69058281
31 165 69058360
31 165 69058400
334 772 69058690
70 962 69059122
951 540 69059794
135 586 69059961
150 147 69060026
107 464 69060088
150 850 69060186
850 962 69060261
245 540 69060584
304 4 69060635
609 707 69060720
306 720 69060748
239 951 69060761
528 2 69060822
844 499 69061169
192 506 69061250
29 506 69061505
344 373 69061618
344 165 69061618
506 192 69061723
344 373 69061875
344 165 69061875
609 707 69061942
772 120 69062110
772 951 69062110
880 538 69062527
175 849 69062655
175 275 69062655
850 415 69062671
480 482 69062734
416 556 69062810
316 428 69063442
851 978 69063586
851 978 69063747
290 589 69064130
947 774 69064250
586 135 69064291
11 316 69064368
774 947 69064789
104 425 69064817
5 175 69064854
316 11 69064930
633 923 69065013
214 951 69065097
685 605 69065103
648 52 69065310
648 743 69065310
500 951 69065316
586 383 69065636
955 231 69065843
586 294 69065886
275 175 69065970
294 586 69065991
56 482 69065994
500 586 69066032
586 294 69066165
518 53 69066179
697 925 69066179
697 293 69066179
425 104 69066195
586 746 69066222
175 275 69066285
104 425 69066396
120 196 69066411
120 198 69066411
120 752 69066411
697 925 69066428
697 170 69066509
697 873 69066509
697 855 69066509
697 293 69066509
977 418 69066633
120 772 69066636
207 99 69066700
369 913 69066735
774 947 69066736
854 542 69066997
586 854 69067007
913 369 69067014
558 499 69067049
369 913 69067092
920 353 69067127
913 369 69067161
947 774 69067439
458 48 69067446
458 499 69067446
854 518 69067700
854 250 69067700
611 921 69067725
112 517 69067805
547 851 69067855
517 112 69068020
518 854 69068188
772 120 69068363
332 435 69068415
310 343 69068457
314 929 69068522
648 356 69068587
738 264 69068833
14 506 69068973
909 58 69068998
517 731 69069107
517 450 69069107
517 851 69069107
517 135 69069107
517 687 69069107
517 915 69069107
517 742 69069107
517 530 69069107
517 920 69069107
517 591 69069107
851 167 69069208
909 862 69069332
774 947 69069481
500 542 69069556
702 1001 69069828
181 724 69070063
181 189 69070063
500 746 69070130
126 790 69070166
951 540 69070182
947 774 69070207
846 288 69070292
643 381 69070348
951 239 69070377
147 277 69070428
605 333 69070689
605 178 69070706
53 518 69070757
136 316 69070757
774 947 69070843
53 75 69071083
178 693 69071125
867 2 69071180
862 909 69071285
58 909 69071306
920 181 69071595
742 214 69071603
435 500 69071716
435 332 69071716
75 53 69071792
742 334 69071813
977 1004 69071864
947 774 69071890
718 994 69071919
84 323 69071957
369 535 69071990
813 668 69072136
912 730 69072345
912 356 69072345
332 435 69072422
692 191 69072484
774 947 69072567
692 738 69072607
547 383 69072664
335 29 69072668
335 537 69072668
335 464 69072668
335 553 69072668
335 118 69072668
335 5 69072668
335 192 69072668
335 899 69072668
335 898 69072668
335 688 69072668
335 670 69072668
335 1004 69072668
335 980 69072668
335 201 69072668
335 175 69072668
335 289 69072668
505 337 69072767
582 105 69072869
324 70 69072924
505 337 69072954
435 332 69072979
947 774 69073046
752 120 69073157
167 851 69073307
142 267 69073316
318 332 69073424
107 98 69073486
107 98 69073486
107 98 69073488
120 70 69073491
107 98 69073491
107 98 69073495
107 98 69073495
107 98 69073499
107 98 69073499
107 98 69073500
107 98 69073500
107 98 69073501
107 98 69073502
107 98 69073504
107 98 69073504
107 98 69073508
107 98 69073509
107 98 69073509
107 98 69073512
107 98 69073513
107 98 69073514
107 98 69073515
107 98 69073518
107 98 69073519
107 98 69073520
107 98 69073521
107 98 69073522
107 98 69073524
107 98 69073524
107 98 69073528
107 98 69073530
107 98 69073530
107 98 69073530
107 98 69073532
107 98 69073535
107 98 69073537
107 98 69073538
107 98 69073539
107 98 69073540
107 98 69073541
107 98 69073541
107 98 69073543
107 98 69073545
107 98 69073549
107 98 69073549
107 98 69073549
107 98 69073551
107 98 69073551
107 98 69073551
107 98 69073554
107 98 69073555
107 98 69073558
107 98 69073559
107 98 69073559
107 98 69073560
107 98 69073562
107 98 69073563
107 98 69073564
107 98 69073565
107 98 69073568
107 98 69073569
107 98 69073570
107 98 69073570
107 98 69073572
107 98 69073574
107 98 69073575
107 98 69073576
107 98 69073579
107 98 69073580
107 98 69073580
107 98 69073581
107 98 69073583
107 98 69073585
107 98 69073586
107 98 69073588
107 98 69073590
107 98 69073590
107 98 69073591
107 98 69073591
107 98 69073592
107 98 69073593
107 98 69073597
107 98 69073599
107 98 69073600
107 98 69073601
107 98 69073601
107 98 69073602
107 98 69073604
107 98 69073606
107 98 69073610
107 98 69073616
107 98 69073616
107 98 69073618
107 98 69073618
107 98 69073619
107 98 69073619
626 165 69073641
585 937 69073655
774 947 69073725
114 275 69073785
142 915 69073845
165 626 69073923
737 107 69073938
425 946 69073949
267 142 69074180
126 52 69074210
638 509 69074314
381 192 69074386
947 774 69074432
334 742 69074475
926 748 69074602
926 336 69074602
926 565 69074602
926 347 69074602
926 129 69074602
926 577 69074602
926 715 69074602
275 114 69074621
334 450 69074631
334 193 69074631
334 278 69074631
334 633 69074631
334 692 69074631
774 947 69074652
947 774 69074673
15 680 69074715
200 952 69074759
142 267 69074769
952 200 69075003
595 404 69075130
595 169 69075130
2 790 69075150
91 716 69075192
299 388 69075209
445 891 69075302
383 586 69075309
599 314 69075355
599 929 69075355
445 891 69075356
15 584 69075401
362 383 69075401
143 669 69075424
53 191 69075462
383 362 69075539
720 746 69075574
929 333 69075610
362 383 69075624
812 465 69075628
812 790 69075628
812 2 69075628
812 700 69075628
812 119 69075628
720 746 69075686
383 362 69075737
774 947 69075772
947 774 69075847
912 439 69075949
912 168 69075949
362 383 69075951
423 246 69075959
423 977 69075959
423 101 69075959
383 362 69076038
514 962 69076040
759 166 69076063
362 383 69076167
774 91 69076233
56 482 69076280
774 947 69076289
947 774 69076325
143 669 69076328
171 715 69076448
104 425 69076461
500 687 69076481
500 814 69076481
443 86 69076550
696 595 69076878
323 951 69076957
783 541 69077088
951 323 69077455
193 900 69077470
231 540 69077509
718 61 69077536
193 624 69077568
165 207 69077623
850 1001 69077628
582 540 69077804
700 790 69077805
987 962 69078320
169 595 69078334
207 165 69078357
518 416 69078457
90 107 69078502
910 329 69078581
910 692 69078581
774 947 69078698
147 926 69078724
910 334 69078740
112 149 69078809
910 75 69078873
984 762 69078974
774 947 69078989
947 774 69079004
294 74 69079066
294 416 69079066
648 267 69079077
910 231 69079096
586 383 69079098
586 500 69079190
586 500 69079228
168 912 69079339
168 294 69079339
500 332 69079369
500 814 69079369
586 915 69079383
70 324 69079423
586 267 69079529
517 267 69079539
517 112 69079539
586 267 69079625
940 53 69079668
672 844 69079862
586 267 69079888
151 278 69079893
774 947 69079920
164 420 69080092
838 112 69080109
267 586 69080154
383 586 69080196
947 774 69080233
61 718 69080406
774 947 69080410
38 832 69080475
951 807 69080477
628 135 69080585
586 267 69080655
165 207 69080725
774 947 69080804
586 166 69080855
314 693 69080900
334 910 69081277
267 648 69081343
267 517 69081343
267 751 69081343
267 478 69081343
61 718 69081351
586 166 69081428
648 267 69082164
418 977 69082181
267 648 69082194
416 962 69082292
418 153 69082308
86 443 69082502
86 662 69082502
418 153 69082508
947 774 69082632
425 104 69082706
912 356 69082717
912 730 69082717
746 720 69082862
418 153 69082925
746 720 69083173
181 920 69083182
450 900 69083194
774 947 69083249
758 499 69083264
758 844 69083264
104 425 69083277
950 88 69083375
246 423 69083495
246 101 69083495
0 951 69083528
84 323 69083556
609 940 69083625
738 783 69083629
738 654 69083629
425 104 69083668
947 774 69083993
833 415 69084019
833 720 69084022
609 471 69084079
774 947 69084256
147 720 69084440
947 774 69084455
104 425 69084671
260 168 69084919
774 947 69084991
88 906 69085097
88 46 69085097
669 143 69085150
425 104 69085291
784 742 69085423
950 103 69085473
135 870 69085488
135 581 69085488
135 371 69085488
135 628 69085615
843 907 69085702
947 774 69085813
906 88 69085878
104 425 69085934
846 288 69086007
88 906 69086117
906 88 69086284
75 910 69086420
940 609 69086457
614 290 69086630
425 104 69087168
168 912 69087479
104 425 69087697
231 910 69087733
804 761 69088172
214 912 69088200
630 629 69088238
164 420 69088457
88 906 69088566
906 88 69088765
1004 977 69088821
88 906 69088971
906 88 69089069
629 630 69089108
630 629 69089183
88 906 69089260
906 88 69089414
906 88 69089731
356 648 69089860
88 906 69090008
906 88 69090042
323 951 69090679
353 891 69090900
353 920 69090900
746 668 69090934
746 687 69090934
746 935 69090934
746 692 69090934
746 665 69090934
746 720 69090934
746 591 69090934
746 813 69090934
506 783 69091099
506 381 69091099
913 369 69091426
990 207 69091433
910 923 69091447
388 132 69091461
356 912 69091482
356 730 69091482
369 913 69092548
800 62 69092656
912 214 69092869
586 435 69093266
248 891 69093444
586 447 69093926
166 743 69094001
586 362 69094010
61 243 69096477
369 535 69096565
532 516 69100484
532 804 69100563
532 29 69102215
532 5 69102215
532 236 69102215
335 790 69102900
804 532 69104364
891 248 69107945
891 248 69108082
776 502 69108397
891 353 69108643
248 891 69109195
891 248 69109214
891 248 69109266
248 891 69109476
891 248 69109596
248 891 69109796
891 530 69109852
516 532 69111562
532 804 69112156
439 168 69114842
804 532 69115002
532 804 69115525
532 804 69115858
628 135 69117365
532 516 69118020
532 516 69118249
478 267 69118580
478 267 69118800
168 439 69119744
168 439 69119955
2 790 69120380
135 628 69130856
135 405 69133534
135 581 69133698
135 72 69134727
135 914 69135197
135 248 69135848
907 393 69140919
937 628 69141028
166 759 69141097
663 950 69142653
663 950 69142732
774 947 69143146
947 774 69143249
937 628 69143371
774 947 69143417
720 833 69143490
720 697 69143795
720 771 69143795
720 4 69143795
720 680 69143795
720 147 69143795
720 935 69143795
720 855 69143795
720 527 69143795
720 813 69143795
166 416 69144086
947 774 69144234
170 540 69144461
774 947 69144680
518 62 69145193
680 584 69145239
680 284 69145239
680 720 69145239
680 15 69145239
362 586 69145629
333 314 69145807
206 487 69146062
207 165 69146145
646 112 69146437
435 586 69146532
435 267 69146532
150 629 69146557
724 246 69146620
700 2 69146644
112 646 69146710
248 135 69146757
435 267 69146846
267 478 69146952
646 112 69146972
167 188 69146998
768 591 69147270
738 923 69147309
72 135 69147324
112 646 69147725
267 435 69147732
267 478 69147801
646 112 69147855
707 680 69147886
707 923 69147886
707 98 69147886
707 951 69147886
707 880 69147886
435 267 69148073
267 435 69148281
425 232 69148475
469 424 69148560
469 421 69148560
469 795 69148560
469 547 69148560
469 188 69148560
469 614 69148560
469 301 69148560
469 954 69148560
469 817 69148560
469 957 69148560
469 167 69148560
469 35 69148560
469 207 69148560
469 241 69148560
518 535 69148607
909 383 69148608
267 435 69148621
112 646 69148646
65 134 69148733
65 890 69148733
65 193 69148733
65 239 69148733
65 1003 69148733
65 772 69148733
65 687 69148733
65 150 69148733
65 120 69148733
65 951 69148733
65 90 69148733
65 607 69148733
65 415 69148733
65 53 69148733
65 752 69148733
439 168 69148777
135 405 69148778
98 134 69148779
98 268 69148779
98 401 69148779
98 278 69148779
98 117 69148779
98 107 69148779
98 429 69148779
98 454 69148779
98 713 69148779
135 581 69148910
947 774 69148953
909 383 69149025
405 135 69149063
774 947 69149222
90 65 69149230
723 73 69149243
723 758 69149243
723 41 69149243
947 774 69149279
700 2 69149447
774 947 69149456
758 956 69149489
758 723 69149489
867 29 69149535
758 956 69149611
956 48 69149620
947 774 69149683
383 909 69149736
891 530 69149750
935 111 69149871
752 191 69150153
951 65 69150261
150 65 69150330
774 947 69150387
935 720 69150436
935 720 69150448
947 774 69150498
423 246 69150581
774 947 69150635
662 443 69150657
662 86 69150657
38 522 69150715
584 680 69150716
947 774 69150717
628 937 69150759
120 534 69150815
120 70 69150815
891 353 69150844
730 912 69150991
730 356 69150991
29 867 69151051
381 532 69151059
774 947 69151114
628 135 69151171
534 120 69151175
947 774 69151215
790 168 69151381
672 844 69151393
936 581 69151497
758 956 69151523
758 73 69151523
758 723 69151523
758 918 69151523
758 41 69151523
774 947 69151598
120 65 69151598
867 29 69151738
947 774 69151846
29 867 69151918
774 947 69152233
867 29 69152242
381 327 69152251
420 96 69152309
420 559 69152309
420 740 69152365
420 879 69152365
420 164 69152365
680 15 69152639
696 229 69153186
696 248 69153186
696 607 69153186
696 334 69153186
913 369 69153497
15 680 69153633
947 774 69153711
752 65 69153718
374 306 69153868
774 947 69154360
314 333 69154395
947 774 69154456
178 929 69154555
873 231 69154695
883 843 69154708
70 120 69154728
267 142 69154892
935 720 69154961
774 947 69154964
947 774 69155018
710 929 69155107
334 75 69155143
190 629 69155216
190 891 69155216
774 947 69155349
947 774 69155397
216 499 69155605
216 321 69155605
607 75 69155639
517 112 69155677
586 915 69155682
951 706 69155686
951 997 69155686
951 617 69155686
951 415 69155686
951 191 69155686
951 940 69155686
951 752 69155686
951 865 69155686
135 72 69155756
135 405 69155761
516 532 69156031
334 75 69156124
929 314 69156154
855 697 69156314
425 104 69156379
855 540 69156415
671 609 69156537
53 951 69156580
951 369 69156667
987 872 69156726
425 912 69156811
980 107 69156835
178 862 69156846
178 99 69156846
178 502 69156846
32 534 69156862
193 581 69156979
534 676 69156992
534 919 69156992
534 906 69156992
534 788 69156992
534 106 69156992
534 309 69156992
534 474 69156992
534 247 69156992
534 323 69156992
534 460 69156992
534 649 69156992
534 740 69156992
534 139 69156992
534 38 69156992
534 206 69156992
534 489 69156992
534 84 69156992
534 477 69156992
534 154 69156992
534 893 69156992
534 322 69156992
534 102 69156992
534 879 69156992
534 562 69156992
534 939 69156992
534 64 69156992
534 622 69156992
534 42 69156992
534 510 69156992
534 601 69156992
534 591 69156992
214 141 69157010
214 742 69157010
214 515 69157010
214 531 69157010
214 746 69157010
214 356 69157010
214 40 69157010
214 569 69157010
214 692 69157010
214 544 69157010
214 629 69157010
214 963 69157010
214 720 69157010
214 530 69157010
214 371 69157010
214 776 69157010
214 920 69157010
214 738 69157010
214 865 69157011
214 220 69157011
214 334 69157011
214 178 69157011
214 316 69157011
214 324 69157011
940 65 69157168
107 652 69157203
107 320 69157203
107 327 69157203
107 29 69157203
107 208 69157203
107 537 69157203
107 810 69157203
107 464 69157203
107 737 69157203
107 532 69157203
107 553 69157203
107 118 69157203
107 5 69157203
107 192 69157203
107 899 69157203
107 468 69157203
107 898 69157203
107 985 69157203
107 664 69157203
107 688 69157203
107 289 69157203
107 236 69157203
107 670 69157203
107 1004 69157203
107 335 69157203
107 980 69157203
107 201 69157203
107 175 69157203
107 643 69157203
107 381 69157203
107 808 69157203
107 393 69157203
707 951 69157238
940 951 69157240
61 306 69157458
337 505 69157479
337 505 69157492
207 988 69157560
306 374 69157571
942 135 69157812
267 648 69157839
267 517 69157839
267 751 69157839
267 478 69157839
90 693 69157918
90 178 69157918
929 314 69157958
951 404 69157963
88 906 69158007
324 591 69158234
522 546 69158236
178 693 69158379
178 90 69158379
267 648 69158388
267 517 69158388
267 751 69158388
267 478 69158388
546 522 69158460
120 823 69158495
120 62 69158495
178 90 69158523
868 471 69158534
324 591 69158545
696 229 69158637
704 765 69158692
605 178 69158693
696 229 69158705
906 88 69158725
178 90 69158736
594 135 69158757
246 101 69158818
178 214 69158867
987 432 69158926
987 849 69158926
987 540 69158926
987 840 69158926
987 789 69158926
987 231 69158926
987 311 69158926
987 872 69158926
987 809 69158926
987 482 69158926
987 873 69158926
987 994 69158926
987 251 69158926
987 245 69158926
987 28 69158926
987 338 69158926
987 582 69158926
987 433 69158926
987 361 69158926
987 531 69158926
987 925 69158926
987 95 69158926
987 56 69158926
987 480 69158926
987 955 69158926
987 764 69158926
987 641 69158926
987 68 69158926
987 698 69158926
987 796 69158932
126 812 69158955
522 61 69158985
696 229 69159068
696 248 69159068
696 607 69159068
696 334 69159068
812 126 69159130
191 951 69159149
514 950 69159158
950 514 69159323
696 229 69159370
594 581 69159408
765 232 69159506
334 229 69159662
334 696 69159662
334 607 69159662
75 607 69159685
522 546 69159724
581 594 69159932
142 267 69159974
365 377 69160052
126 812 69160161
581 193 69160184
915 586 69160193
952 200 69160246
514 950 69160317
952 200 69160320
522 38 69160413
823 120 69160460
648 765 69160475
765 704 69160488
704 765 69160605
544 8 69160665
544 669 69160665
126 790 69160689
586 135 69160698
950 514 69160775
429 454 69160783
208 107 69161049
1004 208 69161051
1004 208 69161101
381 327 69161120
669 178 69161145
104 425 69161156
35 851 69161172
547 851 69161172
765 704 69161185
765 704 69161253
306 374 69161291
879 534 69161315
178 99 69161359
178 862 69161359
178 502 69161359
890 65 69161442
306 374 69161469
738 923 69161521
178 693 69161551
514 950 69161577
75 546 69161687
514 950 69161851
873 231 69161902
62 646 69162006
62 551 69162006
62 854 69162006
62 369 69162006
62 513 69162006
62 485 69162006
873 231 69162039
441 304 69162078
873 231 69162144
253 151 69162158
253 566 69162170
823 542 69162179
823 120 69162179
823 62 69162179
253 290 69162180
873 231 69162222
159 70 69162246
369 62 69162271
538 605 69162324
1002 319 69162423
873 231 69162442
425 104 69162469
942 292 69162504
942 341 69162504
873 231 69162525
512 469 69162531
512 469 69162532
135 450 69162552
135 581 69162578
135 371 69162578
873 231 69162622
542 500 69162632
873 231 69162701
135 628 69162716
288 484 69162726
288 773 69162726
288 846 69162726
288 391 69162726
288 630 69162726
288 629 69162726
135 942 69162779
738 506 69162797
500 542 69162822
288 484 69162837
288 773 69162837
288 846 69162837
288 391 69162837
288 629 69162837
873 231 69162866
542 136 69162869
542 530 69162869
70 159 69162914
288 484 69162940
288 773 69162940
288 846 69162940
288 629 69162940
104 425 69163050
112 267 69163100
404 595 69163129
962 601 69163163
846 288 69163170
288 846 69163327
288 629 69163327
267 112 69163354
288 484 69163365
288 773 69163365
288 391 69163365
288 629 69163365
962 416 69163418
288 484 69163496
288 773 69163496
288 846 69163496
288 391 69163496
288 629 69163496
334 324 69163497
324 214 69163594
962 70 69163626
962 601 69163626
724 189 69163656
724 181 69163656
425 104 69163684
112 517 69163776
517 112 69163794
506 1001 69163807
581 135 69163850
104 425 69163932
696 229 69163949
696 248 69163949
696 607 69163949
696 334 69163949
873 231 69163981
425 104 69164118
823 542 69164204
823 120 69164204
823 62 69164204
696 229 69164296
696 248 69164296
696 607 69164296
912 77 69164302
104 425 69164313
416 962 69164443
435 332 69164462
86 662 69164486
86 443 69164645
912 77 69164648
581 135 69164662
833 127 69164749
915 517 69164765
738 783 69165019
738 654 69165019
425 104 69165052
292 942 69165111
239 951 69165161
70 601 69165181
984 762 69165209
120 823 69165226
127 718 69165255
718 127 69165324
823 120 69165409
956 499 69165416
24 891 69165433
425 232 69165456
77 912 69165463
334 696 69165590
327 381 69165631
915 586 69165643
774 947 69165943
885 586 69165944
873 231 69166005
628 135 69166011
135 586 69166040
947 774 69166076
718 994 69166205
454 53 69166295
335 29 69166303
335 537 69166303
335 464 69166303
335 553 69166303
335 118 69166303
335 5 69166303
335 192 69166303
335 899 69166303
335 898 69166303
335 688 69166303
335 670 69166303
335 1004 69166303
335 980 69166303
335 201 69166303
335 175 69166303
335 289 69166303
191 75 69166402
191 334 69166402
885 586 69166532
607 75 69167015
107 201 69167052
738 541 69167088
586 915 69167267
191 190 69167348
915 135 69167487
915 988 69167487
915 450 69167487
915 443 69167487
915 851 69167487
915 857 69167487
915 656 69167487
915 662 69167487
915 167 69167487
915 731 69167487
915 530 69167487
915 920 69167487
915 586 69167596
334 191 69167716
337 505 69167720
92 838 69167764
334 135 69168040
544 143 69168077
966 575 69168270
48 558 69168418
535 542 69168479
191 997 69168546
248 696 69168619
168 439 69168750
874 540 69168759
874 840 69168759
874 231 69168759
874 873 69168759
874 245 69168759
874 764 69168759
168 790 69168804
191 220 69168827
940 890 69168861
940 193 69168861
940 239 69168861
940 772 69168861
940 633 69168861
940 120 69168861
940 951 69168861
940 214 69168861
940 609 69168861
940 90 69168861
940 53 69168861
940 159 69168861
53 923 69169129
248 229 69169264
248 696 69169264
248 607 69169264
248 334 69169264
120 671 69169299
322 70 69169344
120 940 69169540
180 847 69169783
759 984 69169821
940 120 69169835
175 423 69169885
720 65 69170152
191 752 69170208
885 951 69170273
720 147 69170294
977 423 69170552
707 951 69170726
707 609 69170726
435 586 69170906
435 267 69170906
41 73 69172392
41 723 69172392
1004 208 69172670
404 169 69172777
214 178 69172859
214 316 69172859
214 324 69172859
951 706 69173233
951 323 69173233
609 890 69173243
609 1003 69173243
609 671 69173243
335 29 69173262
335 537 69173262
335 464 69173262
335 553 69173262
335 118 69173262
335 5 69173262
335 192 69173262
335 899 69173262
335 898 69173262
335 688 69173262
335 670 69173262
335 1004 69173262
335 980 69173262
335 201 69173262
335 175 69173262
335 289 69173262
634 638 69173395
977 950 69173852
175 5 69174231
214 912 69174335
514 780 69174788
514 950 69174788
535 518 69174909
514 780 69175158
32 791 69175190
951 926 69175427
951 715 69175427
605 538 69175472
951 866 69175532
534 692 69175548
423 246 69175720
423 977 69175720
423 101 69175720
605 178 69177123
404 506 69177128
439 912 69177219
605 178 69177728
425 104 69177920
532 516 69178041
915 142 69178205
534 64 69178409
104 425 69178471
425 104 69178643
891 530 69179203
472 232 69181939
586 984 69182626
605 178 69182637
605 178 69182649
605 178 69182729
605 178 69182779
605 178 69182794
605 178 69182809
605 178 69182903
605 178 69182917
605 178 69182932
696 248 69182964
485 62 69183095
605 178 69183139
605 178 69183156
605 178 69183169
425 104 69183720
232 472 69183904
866 951 69185127
260 168 69187738
662 443 69187891
662 86 69187891
325 671 69188141
14 924 69189449
812 790 69190235
812 790 69190733
535 369 69191896
179 383 69196025
790 126 69196206
804 761 69197589
804 761 69199016
431 188 69199260
788 634 69199463
168 260 69204267
790 2 69208840
575 168 69209115
168 790 69209749
700 2 69210208
700 2 69210211
700 2 69210213
790 2 69210217
790 2 69210227
388 2 69210233
416 2 69210234
867 2 69210241
126 2 69210245
126 2 69210246
532 2 69210250
532 2 69210251
790 2 69210251
790 2 69210254
52 2 69210256
923 2 69210256
983 2 69210272
790 2 69210273
168 2 69210273
700 2 69210274
966 2 69210277
868 2 69210277
77 2 69210280
334 2 69210284
334 2 69210284
231 2 69210290
790 2 69210298
868 2 69210367
790 2 69210380
696 2 69210380
812 2 69210382
77 2 69210384
335 2 69210385
790 2 69210394
898 2 69210395
790 2 69210396
231 2 69210407
532 2 69210415
502 2 69210416
790 2 69210424
812 2 69210429
782 2 69210430
790 2 69210432
168 2 69210434
586 2 69210438
789 2 69210520
322 2 69210522
790 2 69210535
231 2 69210535
313 2 69210549
812 2 69210574
984 2 69210576
790 2 69210577
119 2 69210767
168 912 69213368
168 868 69213368
168 472 69213845
697 925 69227512
697 293 69227512
697 293 69228023
697 720 69228023
559 420 69230003
559 50 69230003
274 167 69230199
274 469 69230282
274 188 69230282
14 702 69230304
343 663 69230894
274 142 69231256
274 469 69231256
274 188 69231256
506 404 69231318
178 99 69231637
178 862 69231637
178 502 69231637
581 135 69231642
135 870 69231919
135 581 69231919
135 371 69231919
844 956 69231934
556 416 69232169
383 179 69232671
772 609 69232928
178 990 69233007
196 278 69233190
179 383 69233253
383 179 69233803
772 120 69234205
383 807 69234441
772 120 69234568
772 75 69234741
696 229 69234942
696 248 69234942
696 607 69234942
696 334 69234942
120 772 69235196
609 53 69235503
696 229 69235611
696 248 69235611
696 607 69235611
696 334 69235611
91 774 69235733
891 530 69236035
696 229 69236067
696 248 69236067
696 607 69236067
696 334 69236067
644 1001 69236072
91 830 69236252
135 581 69236271
518 551 69236298
503 723 69236339
365 716 69236519
304 4 69236782
630 415 69236886
633 923 69237000
332 435 69237271
178 470 69237276
178 862 69237276
178 538 69237276
178 991 69237276
178 314 69237276
178 333 69237276
178 710 69237276
178 99 69237276
178 502 69237276
178 249 69237276
178 693 69237276
178 929 69237276
178 295 69237276
178 78 69237276
178 6 69237276
178 409 69237276
178 767 69237276
178 339 69237276
178 976 69237276
178 0 69237276
178 569 69237276
178 599 69237276
178 605 69237276
178 228 69237276
184 607 69237327
178 470 69237336
178 862 69237336
178 538 69237336
178 991 69237336
178 314 69237336
178 333 69237336
178 710 69237336
178 99 69237336
178 502 69237336
178 249 69237336
178 693 69237336
178 929 69237336
178 295 69237336
178 78 69237336
178 6 69237336
178 409 69237336
178 767 69237336
178 339 69237336
178 976 69237336
178 0 69237336
178 569 69237336
178 599 69237336
178 605 69237336
178 228 69237336
790 168 69237591
990 178 69237909
184 393 69237915
851 978 69237970
851 167 69237970
672 844 69238117
423 832 69238163
178 990 69238179
951 584 69238287
951 284 69238287
951 15 69238287
951 749 69238413
288 484 69238478
288 773 69238478
288 846 69238478
288 391 69238478
288 630 69238478
288 629 69238478
909 862 69238907
278 98 69239091
838 24 69239108
506 173 69239200
135 915 69239558
846 288 69239568
416 435 69239596
416 425 69239596
435 500 69239711
435 332 69239711
435 782 69239711
416 415 69239883
1000 48 69240027
1000 499 69240027
1000 684 69240027
383 909 69240090
595 890 69240098
595 687 69240098
595 718 69240098
415 416 69240176
912 214 69240203
649 663 69240677
942 135 69240761
890 595 69240782
720 746 69241209
720 746 69241231
720 746 69241255
120 542 69241340
120 62 69241340
851 167 69241364
951 235 69241413
120 542 69241612
120 823 69241612
765 30 69241621
107 1004 69241689
951 214 69242169
435 974 69242311
909 362 69242831
909 383 69242831
909 528 69242831
909 589 69242831
823 120 69243219
306 873 69243662
135 942 69243777
135 581 69243895
343 310 69243950
61 243 69244658
61 534 69244659
542 120 69244730
542 120 69244749
844 684 69245000
245 588 69245225
951 225 69245407
951 883 69245407
383 909 69245430
92 31 69245452
92 31 69245503
92 31 69245513
92 31 69245566
196 318 69245611
92 31 69245622
92 31 69245633
92 31 69245651
415 762 69245760
1001 506 69245943
267 586 69246016
950 103 69246180
693 90 69246221
92 915 69246321
92 915 69246351
92 915 69246357
92 915 69246360
746 720 69246393
404 595 69246418
746 720 69246475
746 720 69246541
435 332 69246558
500 415 69246702
663 343 69246713
840 61 69246739
840 540 69246739
840 311 69246739
840 170 69246739
840 32 69246739
840 338 69246739
840 925 69246739
840 56 69246739
840 955 69246739
840 605 69246739
196 413 69246742
196 120 69246742
196 429 69246742
196 291 69246742
196 454 69246742
940 196 69246857
804 532 69246934
746 720 69246995
435 196 69247173
214 278 69247561
518 535 69247613
633 923 69247635
136 915 69247898
840 318 69248222
840 231 69248318
840 994 69248318
840 245 69248318
840 624 69248318
840 582 69248318
840 987 69248318
840 764 69248318
920 656 69248582
906 88 69248604
90 693 69248718
909 383 69248808
624 840 69248897
720 196 69248901
663 534 69248955
663 528 69248955
73 499 69248956
214 278 69249033
915 136 69249034
951 866 69249077
497 281 69249111
500 435 69249177
41 565 69249479
41 499 69249479
136 915 69249659
512 469 69249764
512 469 69249766
415 500 69249828
723 565 69249842
723 499 69249842
551 518 69249844
48 499 69249908
605 840 69249911
840 873 69250043
772 120 69250189
900 450 69250206
319 499 69250215
900 193 69250317
337 113 69250321
193 900 69250397
120 772 69250495
552 160 69250556
900 193 69250589
765 90 69250657
923 633 69250677
70 196 69250776
840 2 69250799
164 943 69250826
332 435 69250844
454 196 69250902
559 420 69250969
559 50 69250969
633 923 69251003
586 267 69251197
586 984 69251197
104 425 69251223
951 13 69251288
78 502 69251300
260 168 69251325
707 680 69251382
707 923 69251382
707 951 69251382
707 880 69251382
951 225 69251429
951 883 69251429
231 873 69251589
559 420 69251597
322 70 69251696
918 499 69251756
439 648 69251822
439 168 69251822
915 136 69251831
915 316 69251831
915 135 69251832
335 688 69251851
500 383 69251911
544 563 69251986
688 335 69252030
56 540 69252130
924 14 69252378
923 671 69252498
923 633 69252498
854 518 69252538
518 854 69252584
429 454 69252913
246 724 69252931
2 700 69252984
178 333 69253252
178 502 69253252
178 249 69253252
178 693 69253252
178 0 69253252
950 1001 69253307
425 104 69253560
335 688 69253737
518 551 69253852
868 912 69254247
868 168 69254247
104 425 69254310
868 912 69254414
868 168 69254414
758 956 69254439
758 723 69254439
425 104 69254752
214 940 69255029
991 858 69255271
991 61 69255272
415 811 69255288
991 858 69255336
991 654 69255482
991 61 69255533
225 951 69255709
758 918 69255737
956 499 69255755
956 558 69255755
387 851 69255804
113 62 69255984
923 890 69256217
923 476 69256217
923 707 69256217
923 193 69256217
923 239 69256217
923 235 69256217
923 875 69256217
923 772 69256217
923 633 69256217
923 120 69256217
923 951 69256217
923 214 69256217
923 609 69256217
923 90 69256217
923 880 69256217
923 39 69256217
923 367 69256217
923 53 69256217
923 159 69256217
800 62 69256236
113 62 69256370
790 119 69256479
951 923 69256608
991 858 69256749
518 551 69256793
14 924 69256828
113 62 69256828
991 858 69256902
990 316 69256930
990 302 69256930
990 954 69256930
990 31 69256930
990 190 69256930
990 165 69256930
990 424 69256930
990 207 69256930
991 61 69256948
772 923 69257059
75 196 69257112
923 151 69257215
923 890 69257215
923 278 69257215
923 687 69257215
923 617 69257215
923 591 69257215
977 103 69257414
532 381 69257437
873 306 69257489
880 923 69257542
31 165 69257599
56 482 69257603
120 923 69257658
772 75 69257702
977 423 69258061
977 1004 69258061
280 851 69258385
280 915 69258385
280 530 69258385
280 920 69258385
543 165 69258669
214 865 69258843
214 220 69258843
214 334 69258843
214 178 69258843
214 316 69258843
214 65 69258843
214 997 69258843
214 435 69258843
214 190 69258843
214 107 69258843
214 940 69258843
214 987 69258843
214 612 69258843
214 927 69258843
214 413 69258843
214 70 69258843
214 499 69258843
214 978 69258843
214 850 69258843
214 147 69258843
214 127 69258843
214 515 69258843
214 40 69258843
214 569 69258843
214 544 69258843
214 629 69258843
214 963 69258843
214 720 69258843
151 923 69259156
435 500 69259295
332 586 69259820
586 332 69260058
532 804 69260192
609 923 69260207
260 168 69260210
609 196 69260300
630 288 69260647
228 61 69260785
601 70 69261104
118 335 69261670
135 628 69262299
135 82 69262299
135 870 69262299
135 581 69262299
135 170 69262299
135 4 69262299
135 371 69262299
135 923 69262358
135 942 69262465
585 547 69262550
335 118 69262686
924 14 69262843
335 118 69262877
232 472 69263337
418 996 69263533
1001 103 69264480
1001 702 69264779
595 127 69266864
61 228 69267229
804 532 69267481
439 912 69267619
439 168 69267619
804 532 69267625
595 71 69267733
318 196 69269566
318 840 69269661
912 435 69272049
509 638 69272941
472 168 69273808
168 472 69279596
472 168 69282628
472 168 69287579
168 439 69304829
168 912 69305114
925 874 69313699
720 746 69316153
214 951 69316933
617 923 69317053
278 923 69317063
235 923 69317124
425 356 69317194
425 112 69317194
425 472 69317194
707 923 69317511
288 846 69317606
425 730 69317639
425 472 69317796
559 50 69318072
343 310 69318145
288 484 69318176
288 773 69318176
288 846 69318176
288 391 69318176
288 630 69318176
288 629 69318176
288 484 69318247
288 773 69318247
288 846 69318247
288 391 69318247
288 629 69318247
696 229 69318976
696 248 69318976
696 607 69318976
696 334 69318976
662 443 69319114
633 873 69320003
334 923 69320083
926 336 69320117
926 715 69320117
696 229 69320126
696 607 69320126
696 692 69320126
696 334 69320126
926 336 69320166
926 715 69320166
920 274 69320256
178 470 69321083
178 862 69321083
178 538 69321083
178 314 69321083
178 333 69321083
178 710 69321083
178 99 69321083
178 502 69321083
178 249 69321083
178 693 69321083
178 929 69321083
178 78 69321083
178 6 69321083
178 409 69321083
178 767 69321083
178 339 69321083
178 976 69321083
178 0 69321083
178 569 69321083
178 599 69321083
178 605 69321083
178 228 69321083
314 929 69321319
874 925 69321458
70 214 69321613
70 601 69321954
416 214 69322323
978 188 69322559
978 167 69322559
978 141 69322559
978 35 69322559
499 956 69322724
381 643 69322789
601 70 69322900
862 99 69323009
134 807 69323125
926 715 69323234
971 543 69323347
696 428 69323474
696 229 69323474
696 534 69323474
696 248 69323474
696 851 69323474
696 157 69323474
696 915 69323474
696 410 69323474
696 607 69323474
696 692 69323474
696 334 69323474
70 65 69323651
551 518 69323966
99 929 69324026
332 126 69324243
62 800 69324393
800 62 69324405
984 885 69324496
984 912 69324496
984 168 69324496
984 586 69324496
984 74 69324496
98 134 69324528
98 268 69324528
98 707 69324528
98 401 69324528
98 278 69324528
98 117 69324528
98 107 69324528
98 429 69324528
98 454 69324528
98 713 69324528
275 327 69324559
951 866 69324760
920 630 69324834
851 978 69324924
369 535 69324994
120 53 69325047
630 920 69325073
874 540 69325152
874 840 69325152
874 231 69325152
874 873 69325152
874 245 69325152
874 764 69325152
984 912 69325220
984 168 69325220
851 387 69325290
874 925 69325438
746 935 69325571
746 720 69325571
245 540 69325598
245 329 69325598
245 233 69325598
245 231 69325598
245 264 69325598
245 624 69325598
245 764 69325598
605 178 69326002
605 178 69326021
605 178 69326031
920 630 69326308
630 920 69326370
70 388 69326659
912 168 69327395
700 790 69327437
605 178 69327472
605 178 69327604
605 178 69327674
178 538 69327707
605 178 69327747
551 250 69327747
605 178 69327825
915 428 69327841
912 885 69327847
912 168 69327847
912 586 69327847
912 984 69327847
912 74 69327847
500 782 69327997
500 435 69328049
391 484 69328060
391 288 69328060
391 373 69328060
819 329 69328157
984 912 69328336
984 885 69328336
984 168 69328336
984 586 69328336
984 74 69328336
214 425 69328358
532 804 69328430
688 553 69328660
126 332 69328988
707 680 69329269
707 923 69329269
707 98 69329269
707 951 69329269
707 609 69329269
416 120 69329312
416 425 69329312
920 428 69329743
920 851 69329743
920 530 69329743
629 526 69330176
629 288 69330176
629 24 69330176
629 685 69330176
629 846 69330176
629 280 69330176
629 360 69330176
629 630 69330176
629 891 69330176
629 631 69330176
629 160 69330176
629 530 69330176
629 750 69330176
629 493 69330176
629 561 69330176
629 658 69330176
662 443 69330509
629 24 69330517
126 790 69330550
239 214 69330637
239 713 69330637
239 159 69330637
920 142 69330848
332 126 69331033
990 482 69331101
990 31 69331101
990 165 69331101
990 207 69331101
595 127 69331130
851 167 69331255
24 629 69331266
200 952 69331795
425 214 69331832
127 923 69331972
942 135 69332115
127 595 69332296
127 214 69332302
127 214 69332303
127 595 69332305
178 99 69332366
178 599 69332366
178 929 69332366
178 409 69332366
500 782 69332617
1001 950 69333243
646 62 69333369
62 646 69333421
950 1001 69333903
586 435 69334464
70 388 69334496
646 62 69334549
646 62 69334551
112 267 69334705
214 127 69334784
267 112 69334866
586 984 69335015
718 904 69335083
718 281 69335083
718 716 69335083
718 724 69335083
718 189 69335083
718 16 69335083
718 377 69335083
718 32 69335083
718 843 69335083
718 365 69335083
718 114 69335083
16 718 69335129
1001 950 69335172
98 268 69335431
98 707 69335431
98 401 69335431
98 278 69335431
98 117 69335431
98 107 69335431
98 429 69335431
98 454 69335431
98 713 69335431
61 718 69335551
281 718 69335557
388 70 69335584
984 586 69335787
500 814 69335806
232 425 69335956
281 127 69335959
225 951 69336054
416 120 69336055
416 425 69336055
126 416 69336258
179 789 69336524
239 951 69336591
851 428 69336606
851 530 69336606
851 920 69336606
239 951 69336674
522 550 69336960
324 591 69336980
700 790 69337293
812 790 69337543
416 833 69337624
416 134 69337624
416 890 69337624
416 707 69337624
416 185 69337624
416 235 69337624
416 1003 69337624
416 633 69337624
416 150 69337624
416 951 69337624
416 214 69337624
416 617 69337624
416 90 69337624
416 91 69337624
416 191 69337624
416 454 69337624
416 880 69337624
416 752 69337624
416 257 69337624
0 732 69337638
416 126 69337666
940 214 69337754
75 772 69337841
75 120 69337841
75 334 69337841
104 425 69337881
135 742 69337890
605 178 69337919
135 834 69337929
605 178 69337937
135 157 69338036
605 178 69338071
532 1001 69338410
605 178 69338562
643 685 69338602
113 337 69338623
605 178 69338631
586 157 69338808
936 765 69340061
936 104 69340061
912 168 69340438
314 929 69340648
765 523 69341436
765 742 69341585
765 581 69342309
761 804 69342405
790 126 69342559
126 790 69342920
913 369 69343775
913 535 69343775
915 142 69345045
530 428 69345061
530 851 69345061
530 920 69345061
383 586 69346957
703 135 69347112
696 229 69347332
696 248 69347332
696 607 69347332
696 334 69347332
696 229 69347722
696 248 69347722
696 687 69347722
696 607 69347722
696 334 69347722
482 531 69347885
696 229 69348047
696 248 69348047
696 607 69348047
696 718 69348047
696 334 69348047
443 662 69352527
157 586 69353346
984 762 69353821
862 832 69354422
891 24 69354715
135 703 69357949
135 697 69358004
135 581 69358004
135 170 69358004
135 530 69358812
135 542 69358870
135 586 69358917
135 594 69358999
784 769 69360063
804 532 69376881
532 804 69377119
532 804 69377582
804 532 69377900
804 761 69378254
532 804 69378412
1001 532 69390395
991 654 69407267
991 858 69407322
662 443 69408897
630 685 69409124
926 748 69412361
532 1001 69415145
912 439 69418225
912 168 69418568
912 439 69418568
912 168 69421208
912 439 69421208
912 266 69422143
912 168 69422250
912 472 69423202
912 575 69423202
991 654 69426774
991 61 69426825
443 86 69430584
443 662 69430584
369 513 69430694
369 263 69430694
991 61 69432826
991 61 69433090
991 654 69433306
991 654 69433582
991 654 69433709
991 61 69433881
866 951 69434558
135 581 69434669
991 858 69434971
991 858 69435446
991 858 69435471
561 24 69435986
561 846 69435986
561 280 69435986
561 658 69435986
168 912 69437730
318 332 69439187
565 684 69439660
912 868 69440693
168 912 69440810
912 168 69440900
942 135 69442406
761 881 69443010
991 858 69443304
912 168 69443524
761 516 69443577
761 804 69443577
335 553 69444618
991 654 69445463
991 654 69457333
991 858 69457410
991 858 69458976
991 654 69459254
