582 364
168 472
168 912
2 790
2 322
2 790
42 402
870 337
663 362
663 410
565 550
987 433
663 343
581 135
581 942
978 988
978 421
978 795
978 547
978 851
978 469
978 188
978 614
978 301
978 954
978 817
978 167
978 141
978 552
978 424
978 35
978 207
569 749
174 534
844 684
31 165
429 401
569 862
418 969
294 885
294 256
294 648
294 416
294 313
921 1001
159 356
700 184
159 912
947 774
703 771
947 774
749 569
713 291
34 135
291 713
955 540
291 713
67 344
67 165
544 8
544 143
544 143
443 742
443 703
343 159
569 862
772 609
942 135
772 454
135 34
569 749
569 482
569 951
569 415
772 951
674 112
695 187
936 581
569 862
569 749
569 482
569 415
569 293
569 599
569 605
112 267
112 674
933 171
933 590
933 577
933 686
933 966
541 199
541 199
862 569
772 75
772 609
772 454
695 692
159 214
568 495
568 947
568 198
568 488
568 379
428 915
629 24
58 909
344 373
987 872
772 120
772 951
772 75
772 609
772 454
643 685
410 663
277 715
362 111
292 502
292 718
292 201
435 500
207 795
207 469
942 135
433 32
256 885
256 294
256 313
680 790
629 159
561 631
765 133
942 581
48 956
638 53
572 862
572 32
253 191
112 674
253 191
105 220
609 772
440 537
657 541
429 454
274 851
278 940
940 278
833 185
663 362
192 532
48 565
62 646
912 168
912 472
32 433
663 410
978 469
978 167
978 35
90 223
454 134
454 401
454 429
454 291
454 134
454 401
454 429
454 291
159 214
34 997
34 997
704 48
344 373
280 890
249 716
685 643
530 629
530 891
207 953
609 772
685 541
685 724
685 1001
988 267
742 443
720 135
743 859
275 849
275 175
643 381
135 942
107 201
174 534
14 828
718 61
14 381
568 947
308 418
713 566
692 233
765 859
765 743
830 769
568 660
335 532
947 774
575 439
575 77
575 260
575 168
569 470
569 862
569 538
569 991
569 333
569 710
569 249
569 693
569 295
569 6
569 409
569 976
569 0
569 599
569 605
569 228
942 135
765 743
1001 685
854 542
569 470
569 862
569 538
569 991
569 333
569 710
569 502
569 249
569 693
569 295
569 6
569 409
569 976
569 0
569 599
569 605
569 228
586 294
629 65
569 862
692 769
765 762
65 629
256 885
256 294
256 416
256 313
188 421
188 141
188 569
256 416
188 421
188 141
188 569
159 912
185 106
165 31
569 862
569 862
5 107
267 988
912 159
185 231
321 565
912 168
291 268
291 401
291 429
171 933
540 364
540 789
540 796
540 231
540 511
540 994
540 245
540 338
540 433
540 361
540 95
540 56
540 836
540 987
540 68
858 700
577 933
72 135
72 581
1004 977
927 854
927 823
927 722
927 535
927 646
927 551
927 854
927 542
927 823
927 369
927 770
927 722
927 113
927 535
927 513
927 485
927 250
927 444
136 629
309 1
311 540
362 369
692 159
692 334
362 547
933 577
309 1
942 135
362 854
541 173
207 493
859 948
530 493
629 530
977 1004
530 493
67 963
67 207
530 629
859 743
290 765
334 65
334 671
334 687
245 540
61 393
1004 977
987 789
530 629
61 991
61 712
912 168
309 1
343 663
343 663
855 34
855 697
67 656
629 891
493 530
912 168
103 950
103 514
103 303
692 624
499 844
718 904
332 318
718 904
718 904
718 904
977 1004
718 904
742 687
743 859
718 904
718 904
684 48
684 565
684 918
684 318
684 679
684 704
684 321
684 844
718 904
718 904
718 904
101 597
718 904
185 915
62 159
344 373
718 980
469 207
787 214
185 762
1004 189
159 912
193 923
159 214
185 236
159 214
912 168
90 851
90 978
166 602
166 586
712 61
771 137
189 1004
65 334
134 592
134 291
134 454
663 343
912 159
189 652
189 904
189 470
189 716
189 249
189 595
189 6
189 410
189 365
189 236
189 1004
189 718
189 201
189 114
84 343
290 56
718 732
769 692
738 783
61 712
280 629
568 947
137 771
769 692
137 443
540 311
540 925
540 955
523 374
868 765
220 159
220 334
334 687
189 410
771 137
159 935
383 311
392 517
862 569
159 912
517 392
803 517
948 927
948 890
948 120
948 191
948 629
631 629
936 942
159 214
103 514
582 364
517 803
624 692
948 927
948 65
948 592
948 416
948 859
948 927
948 65
948 592
948 126
948 416
948 859
948 165
663 84
4 159
343 663
868 168
256 885
256 294
256 313
103 514
535 854
535 369
535 722
535 250
535 444
966 933
859 565
790 2
790 2
987 432
987 197
987 364
987 849
987 540
987 840
987 789
987 231
987 311
987 872
987 511
987 809
987 482
987 873
987 994
987 251
987 245
987 28
987 338
987 582
987 433
987 361
987 531
987 95
987 588
987 56
987 955
987 764
987 641
987 68
868 168
859 743
136 857
167 159
535 124
912 159
927 722
927 250
249 693
249 32
249 433
540 245
291 268
702 644
927 854
927 722
927 250
290 159
758 844
159 214
511 849
231 738
644 702
966 933
966 347
966 935
220 65
220 749
220 75
220 334
337 505
135 720
135 82
135 870
135 581
135 4
135 371
135 628
135 72
596 450
700 858
159 214
702 644
231 2
790 2
854 535
135 942
644 702
433 159
955 540
955 773
955 311
955 427
955 925
955 987
854 535
638 622
771 4
48 684
316 915
41 723
360 526
360 24
360 280
360 629
360 631
360 160
360 530
360 493
360 561
360 658
629 530
731 680
493 360
416 648
698 540
698 840
698 231
698 873
698 245
698 764
335 29
335 208
335 537
335 810
335 464
335 737
335 532
335 553
335 118
335 5
335 468
335 985
335 664
335 688
335 236
335 670
335 1004
335 980
335 201
335 175
335 643
335 381
335 808
335 228
1004 189
926 748
926 308
695 362
915 185
592 927
53 776
900 272
915 428
31 658
77 260
356 765
174 510
356 765
530 629
788 740
951 502
700 2
90 233
915 647
977 541
444 535
356 765
90 660
771 65
723 41
743 859
915 718
250 332
306 660
159 214
65 771
444 535
159 433
534 388
534 84
332 250
809 159
250 332
948 927
948 65
948 592
948 126
948 120
948 75
948 416
948 191
948 859
948 629
948 165
290 159
674 517
940 159
462 923
462 223
462 189
462 687
462 586
462 449
462 692
462 535
462 591
462 334
915 647
915 428
915 200
915 857
191 415
191 948
159 214
332 250
200 915
35 851
75 948
940 633
771 65
280 851
280 915
280 530
280 920
103 950
103 514
103 303
418 308
233 450
233 692
511 338
418 996
942 135
948 803
948 267
948 112
948 674
948 392
948 459
643 685
936 942
24 530
360 493
388 534
388 84
535 444
306 523
530 24
175 275
950 103
535 462
948 927
948 592
948 126
948 416
948 191
948 859
948 165
260 77
207 847
260 77
369 535
891 631
926 157
951 976
951 569
660 306
707 880
592 134
90 428
77 260
294 586
107 464
294 885
84 343
885 416
356 765
90 200
159 940
64 534
103 514
416 762
159 731
410 595
891 629
685 724
2 231
443 662
168 912
335 29
335 208
335 537
335 810
335 464
335 737
335 532
335 553
335 118
335 5
335 468
335 985
335 664
335 688
335 236
335 670
335 1004
335 980
335 201
335 175
335 643
335 381
335 808
335 228
881 506
942 936
942 135
599 693
103 514
416 134
940 159
885 294
738 576
738 516
738 541
738 650
738 327
738 747
738 881
738 14
738 508
738 945
738 923
738 532
738 682
738 131
738 654
738 270
738 837
738 719
738 1001
738 745
738 979
738 850
738 924
738 783
738 173
738 13
738 437
738 761
738 653
738 506
738 996
738 199
738 644
738 921
738 657
738 702
168 912
335 670
207 167
552 188
428 915
32 432
32 19
32 249
32 170
32 843
32 977
32 365
32 236
32 0
32 380
32 418
32 381
32 777
703 135
147 890
428 90
746 692
159 940
4 771
168 912
428 31
174 125
174 102
174 510
541 576
541 506
541 644
532 13
541 199
106 185
936 942
106 185
200 90
174 534
912 356
912 356
912 356
912 602
912 356
912 356
61 193
602 912
106 1001
106 702
1001 650
168 260
915 687
915 591
168 126
602 743
61 517
506 881
168 912
506 541
704 321
126 168
126 356
398 450
776 687
776 591
790 2
500 782
915 731
232 912
232 168
942 936
61 718
881 506
693 599
356 472
356 159
2 790
648 765
168 912
168 472
168 232
532 335
561 360
724 246
724 685
472 356
912 168
790 2
472 356
356 472
506 1001
356 743
537 440
537 440
180 727
1001 506
335 532
335 532
260 168
506 1001
712 450
168 260
303 343
628 135
628 871
628 720
165 31
165 401
165 67
955 540
955 427
159 356
159 214
942 135
200 142
401 415
401 429
401 291
401 454
356 159
67 344
67 963
67 207
344 373
569 749
569 482
569 951
569 415
112 267
112 674
67 963
67 207
771 4
659 159
659 306
659 374
599 693
4 771
159 214
321 704
402 343
5 553
5 670
696 595
469 528
402 299
142 200
415 150
415 150
415 833
415 569
415 191
415 401
415 150
415 569
415 191
290 566
150 415
629 631
704 321
334 75
952 142
191 948
629 891
629 530
550 546
200 142
236 185
401 429
401 429
362 383
200 142
249 716
424 421
424 795
424 207
907 883
987 231
424 421
424 795
424 207
629 190
978 469
142 952
429 401
909 58
207 795
360 561
135 581
142 200
951 769
450 233
629 891
135 628
743 356
135 703
450 398
135 942
1004 724
833 415
356 765
942 135
25 458
306 374
38 334
200 915
193 65
193 120
193 609
193 546
291 134
291 268
291 401
291 1003
291 117
291 98
291 609
291 429
291 454
291 713
978 547
978 851
978 469
978 188
978 614
978 954
978 167
978 141
978 35
362 141
904 718
607 231
904 718
500 166
58 909
381 532
629 160
701 220
35 978
546 565
546 844
629 526
629 894
629 24
629 685
629 846
629 280
629 360
629 630
629 631
629 160
629 530
629 493
629 202
629 561
629 658
696 595
133 765
75 334
75 334
423 246
423 101
423 175
924 199
469 978
612 740
581 951
482 987
188 978
749 569
180 727
749 569
482 569
482 569
482 569
482 569
482 569
482 569
142 302
978 629
142 990
868 168
142 971
987 251
65 193
65 191
765 648
547 978
630 167
607 978
443 742
671 334
48 718
48 669
142 428
142 915
956 48
956 216
956 319
956 558
630 530
592 134
48 29
569 749
569 951
569 415
167 630
644 199
718 980
180 958
629 978
718 980
885 256
885 648
569 482
309 1
505 337
978 607
978 629
335 532
309 1
648 885
377 607
629 978
469 630
462 535
429 401
160 24
173 657
629 530
90 746
462 833
742 443
540 364
540 849
540 789
540 796
540 231
540 994
540 245
540 338
540 433
540 361
540 95
540 56
540 836
540 987
540 68
343 303
90 746
592 134
592 268
592 927
592 454
630 469
630 167
420 164
415 401
415 150
275 849
275 175
236 90
90 428
846 561
692 233
738 783
175 849
175 275
561 846
443 742
24 160
24 160
693 599
746 692
951 865
116 272
846 561
90 200
530 630
746 90
569 749
628 135
530 629
530 891
530 160
311 53
401 429
530 629
530 891
530 160
846 838
454 401
454 772
454 120
454 429
454 291
184 407
135 942
955 231
135 65
955 231
65 135
629 891
629 160
629 530
866 718
704 48
704 684
629 65
360 24
849 275
849 175
48 704
866 718
159 923
48 704
278 220
135 540
214 428
214 142
214 915
704 48
311 53
220 278
316 159
704 48
469 630
855 697
62 646
48 704
338 329
48 704
125 337
207 953
207 165
106 185
135 942
369 444
963 67
697 540
142 159
428 142
891 629
692 746
698 540
698 840
698 231
698 873
698 245
698 764
159 316
159 214
48 458
607 377
704 48
607 483
607 591
65 629
703 443
101 724
672 844
24 360
344 373
344 373
428 90
923 197
326 146
159 731
429 454
228 569
558 956
558 318
558 684
558 844
444 369
643 381
159 612
738 719
160 685
624 329
281 189
963 67
338 329
76 185
150 147
509 299
53 233
90 433
1001 738
742 443
798 278
746 692
416 126
795 424
795 207
670 107
311 540
440 537
440 226
135 628
135 65
135 65
629 891
530 629
987 482
950 343
171 933
987 531
531 987
423 246
423 101
423 175
90 236
891 629
838 662
187 466
923 193
891 353
966 168
850 576
850 516
850 541
850 327
850 881
850 14
850 682
850 270
850 719
850 1001
850 979
850 924
850 783
850 173
850 13
850 761
850 506
850 996
850 199
850 644
850 921
850 657
850 702
850 738
443 703
977 418
629 891
662 838
953 207
193 923
397 975
397 671
75 229
75 607
278 798
189 281
40 187
111 362
275 114
942 135
353 891
942 135
267 988
923 193
891 353
143 159
712 159
890 546
662 572
662 430
662 900
662 450
662 947
662 466
662 568
662 198
662 187
662 26
662 488
662 40
662 379
662 596
662 272
662 60
662 712
662 802
662 695
327 849
327 275
327 737
327 897
327 702
193 923
418 996
161 193
353 891
187 662
685 160
418 977
188 978
303 950
702 327
187 466
159 356
137 443
692 534
977 418
923 193
692 660
114 275
628 135
327 702
193 923
629 530
704 270
418 996
174 534
418 977
977 418
890 280
951 692
443 137
280 629
984 885
684 704
24 631
416 762
581 135
116 769
280 526
280 647
280 547
280 851
280 188
280 24
280 32
280 915
280 360
280 631
280 530
280 920
280 561
137 443
704 684
422 731
168 966
692 749
200 915
168 912
670 175
5 553
334 65
334 687
334 629
334 530
692 749
90 236
450 947
450 596
530 334
256 885
256 294
984 416
491 506
663 950
401 429
416 633
765 214
765 214
280 851
280 915
280 530
280 920
207 953
984 586
984 762
923 772
923 120
207 847
429 401
236 90
764 364
401 429
168 77
429 401
236 90
168 77
724 101
738 850
31 165
966 168
31 165
214 765
159 278
654 783
654 738
168 77
159 40
159 712
159 214
915 200
517 61
915 428
977 1004
214 142
214 142
175 849
175 275
175 737
607 75
52 313
846 561
724 293
77 168
738 654
561 846
561 846
249 189
629 214
159 531
61 517
249 189
61 718
657 850
168 77
595 372
168 966
577 458
942 135
77 168
168 77
458 704
77 575
362 870
458 956
458 319
458 558
362 216
362 167
704 458
1004 977
356 159
746 692
731 915
356 157
356 462
362 421
534 102
362 517
362 605
362 718
72 135
72 581
137 443
912 602
912 356
891 543
912 356
170 697
912 168
912 168
168 912
582 364
912 159
840 231
840 245
168 912
783 850
199 541
168 260
712 450
712 40
712 159
165 67
306 659
857 122
135 581
531 159
531 482
559 346
415 150
569 862
569 749
569 482
569 415
569 599
569 605
142 428
142 915
581 72
142 274
987 531
191 120
987 809
67 707
316 159
67 344
75 772
855 581
558 207
723 565
67 344
67 165
356 912
450 572
450 900
450 947
450 568
450 662
450 596
450 272
450 802
450 695
141 718
233 53
135 942
942 135
873 329
31 990
67 344
67 165
528 469
343 223
772 75
978 159
185 166
356 472
356 743
356 472
720 135
275 849
275 737
275 175
482 569
605 693
356 912
356 472
605 693
193 159
685 643
306 660
334 159
334 776
789 540
159 214
137 443
120 65
742 214
742 159
502 951
912 159
214 590
912 168
643 685
440 537
65 120
685 643
541 576
541 506
541 644
592 134
592 454
440 537
592 134
873 231
775 718
775 591
158 716
158 249
333 470
333 862
333 538
333 710
333 502
333 249
333 6
333 409
333 0
333 569
333 599
333 605
333 228
541 199
333 693
912 602
912 356
912 356
458 48
458 704
458 684
607 591
912 356
912 356
942 135
135 703
356 472
731 870
500 782
684 458
462 356
418 977
134 151
134 151
700 187
134 151
159 356
912 168
418 996
401 429
135 720
159 742
500 332
435 500
25 48
25 216
25 319
25 458
977 418
135 942
418 996
118 532
356 912
418 977
912 168
731 870
1004 189
118 732
418 996
377 423
377 101
377 866
1004 189
605 362
566 120
644 541
870 697
127 732
239 609
654 783
654 738
107 201
72 135
72 581
423 377
251 506
423 377
505 337
362 383
362 605
581 72
954 978
775 692
472 168
700 638
542 646
542 62
542 646
542 62
38 334
422 731
840 540
840 318
840 338
280 631
393 980
260 168
214 223
660 692
469 630
716 718
951 738
630 469
581 248
581 135
581 72
135 72
248 581
516 532
991 61
193 550
193 923
135 942
609 96
532 437
72 135
72 581
135 72
563 8
581 72
141 851
581 72
159 143
738 951
731 915
214 912
566 120
418 996
703 159
607 591
418 996
569 482
738 837
851 141
942 135
742 443
742 443
482 569
214 912
684 48
482 569
103 950
103 514
103 303
103 832
523 306
126 166
991 654
126 168
523 306
103 950
103 514
103 303
516 532
14 924
14 173
14 506
14 199
24 530
980 393
139 534
139 206
139 487
139 477
139 154
139 125
139 102
139 939
139 524
139 174
139 510
139 324
950 303
290 214
322 534
72 135
72 581
159 56
978 483
429 401
435 782
136 428
174 534
581 72
377 607
159 923
159 214
684 565
684 318
684 321
684 458
684 844
401 429
0 118
159 188
159 978
159 502
159 569
428 915
886 250
607 377
607 483
607 591
550 546
718 716
159 188
159 978
83 784
566 120
126 416
112 466
187 466
134 592
134 291
134 454
454 291
187 466
67 344
67 963
67 207
915 428
134 592
193 120
193 546
429 401
267 112
401 429
275 114
428 274
566 120
700 638
638 322
303 832
926 748
90 236
275 114
290 214
951 706
502 159
978 614
294 868
541 644
290 159
343 950
543 891
978 614
732 118
335 867
644 541
933 935
343 388
275 114
566 120
697 311
697 925
697 855
424 421
424 795
424 207
214 765
101 724
167 988
569 482
114 275
220 65
220 749
220 75
220 334
214 743
554 185
743 214
25 458
61 517
935 933
587 245
718 716
428 647
428 142
428 200
428 971
428 857
428 915
428 952
428 136
743 912
743 356
388 832
592 134
2 58
2 58
2 58
2 58
851 167
126 166
126 586
718 61
718 915
122 924
135 942
135 72
718 915
175 670
851 978
607 502
607 223
607 343
607 718
607 591
743 704
718 591
159 278
334 718
782 500
185 554
716 149
66 45
187 254
106 740
499 684
245 587
644 924
149 716
150 415
150 415
150 415
150 415
66 45
749 540
106 740
200 142
553 107
553 107
833 462
617 720
748 926
343 388
541 506
278 159
142 200
924 644
923 159
592 134
592 927
720 617
915 731
200 142
569 159
942 135
569 749
569 482
569 951
569 415
175 849
175 275
175 737
644 924
291 268
275 849
275 737
275 175
692 660
159 923
912 168
862 189
159 278
862 189
159 214
862 189
586 166
586 126
638 38
886 250
935 90
90 388
738 654
738 783
313 30
313 765
586 984
586 762
499 956
586 294
90 935
586 166
586 602
586 267
15 731
15 680
15 680
15 680
15 680
586 267
38 638
168 912
159 142
168 472
586 885
168 126
915 530
912 77
416 948
416 147
561 846
861 896
960 34
506 576
506 541
506 173
506 996
506 199
506 657
180 958
960 34
561 846
960 34
942 135
506 996
561 846
207 630
423 246
423 101
540 749
168 912
322 638
506 1001
506 576
168 912
168 77
1001 506
372 415
684 48
423 716
313 885
168 260
629 891
891 629
245 231
950 303
629 891
180 958
891 629
912 168
891 629
629 891
135 942
77 168
424 421
424 795
424 207
418 996
629 891
168 885
168 912
168 77
168 260
168 472
139 487
139 477
139 125
139 174
139 323
891 629
936 30
135 942
629 891
125 337
168 77
561 846
923 197
891 629
891 629
532 790
532 700
629 891
891 629
541 16
586 885
629 891
891 629
200 971
200 952
200 136
200 344
200 543
629 891
891 629
743 602
586 157
61 591
586 762
534 206
534 174
534 591
17 857
17 165
923 687
923 591
552 141
502 976
418 996
17 915
199 924
199 644
200 971
200 952
200 136
200 344
200 543
915 17
61 692
61 718
657 506
306 523
790 532
260 168
915 731
915 200
168 912
168 77
168 260
506 541
506 996
506 199
506 657
506 1001
506 1001
644 199
30 936
31 165
31 165
987 432
987 197
987 364
987 849
987 540
987 840
987 789
987 231
987 311
987 872
987 511
987 809
987 482
987 873
987 994
987 251
987 245
987 28
987 338
987 582
987 433
987 361
987 531
987 95
987 588
987 56
987 955
987 764
987 641
987 68
135 942
188 159
749 415
415 372
566 120
644 199
935 214
29 48
377 687
987 432
987 197
987 364
987 849
987 540
987 840
987 789
987 231
987 311
987 872
987 511
987 809
987 482
987 873
987 994
987 251
987 245
987 28
987 338
987 582
987 433
987 361
987 531
987 95
987 588
987 56
987 955
987 764
987 641
987 68
499 956
531 482
772 120
772 951
772 75
772 609
772 454
955 540
955 773
955 311
955 427
955 925
955 987
955 540
955 773
955 311
955 427
955 925
955 987
629 891
772 120
772 951
772 75
772 609
772 454
214 935
955 540
955 773
955 311
955 427
955 925
955 987
119 700
119 812
955 540
955 773
955 311
955 427
955 925
955 987
135 82
135 870
135 581
135 4
135 371
135 628
935 214
135 371
135 30
630 207
926 748
926 308
605 693
605 569
596 450
343 663
75 850
75 127
75 607
75 191
75 220
657 541
657 506
657 996
657 199
592 927
334 462
936 30
191 65
191 749
191 948
191 190
191 415
267 112
267 392
499 592
566 120
61 692
617 720
106 740
429 454
509 638
509 299
509 634
509 96
509 832
630 891
692 749
692 749
422 569
630 274
454 401
454 120
454 429
454 291
309 1
309 97
891 630
165 17
291 454
291 454
900 272
630 891
900 450
569 862
450 40
942 135
324 700
291 268
428 302
846 561
684 48
936 577
65 191
731 739
948 592
948 126
948 859
415 372
772 120
772 951
772 75
772 609
772 454
772 120
638 509
60 568
60 187
859 515
428 316
90 200
948 592
948 52
948 126
948 500
948 168
948 416
948 859
948 165
684 48
684 499
428 136
470 569
440 537
440 226
720 587
859 743
135 942
462 833
454 401
454 429
454 291
630 685
90 107
440 226
772 633
772 951
772 75
772 609
772 454
440 537
948 927
948 65
948 592
948 126
948 500
948 416
948 859
948 165
523 306
700 112
107 201
428 857
607 91
720 587
107 393
112 40
32 862
948 927
948 592
948 126
948 499
948 416
948 859
948 165
692 550
700 638
948 927
948 65
948 592
948 416
948 191
948 859
278 159
936 581
948 927
948 65
948 592
948 126
948 416
948 191
948 859
952 200
685 630
59 687
743 859
48 29
739 731
743 859
577 936
135 540
857 17
561 846
561 493
693 122
236 537
693 122
749 660
362 324
935 159
362 12
936 577
112 267
273 951
566 120
915 591
316 915
716 423
344 373
344 373
112 846
638 700
936 577
663 343
692 749
849 275
849 737
849 175
275 849
275 737
275 175
847 142
915 136
356 30
77 168
977 153
586 267
942 135
509 402
509 402
847 207
977 153
936 456
517 362
112 846
175 849
175 275
175 737
517 61
291 134
291 268
291 117
291 98
291 429
356 159
977 153
772 120
772 951
772 75
772 609
772 454
565 48
144 8
144 8
159 278
660 749
319 48
319 216
135 942
628 135
40 450
90 844
951 203
106 740
758 48
334 607
150 415
5 553
849 275
849 737
849 175
135 628
849 275
849 737
849 175
923 159
849 275
849 737
849 175
90 107
630 891
723 41
90 107
731 915
630 530
517 159
731 15
306 742
657 996
538 502
493 24
596 329
592 948
334 65
334 749
334 687
334 692
830 329
592 134
24 493
763 14
830 769
657 996
592 134
592 927
592 454
592 134
493 24
428 915
457 61
457 19
457 246
457 716
457 522
457 687
457 696
457 423
457 243
457 101
457 866
457 777
772 923
948 500
948 416
948 859
948 165
101 457
933 171
159 923
159 214
749 334
280 631
159 214
550 692
281 491
859 743
749 61
749 742
749 629
67 963
67 165
135 581
454 134
454 592
454 401
454 429
454 291
67 165
362 324
260 77
862 32
423 716
306 659
90 236
423 457
423 246
423 101
362 324
592 291
32 502
32 189
592 134
592 268
592 927
592 948
592 454
592 713
830 769
377 607
353 891
377 687
592 948
248 462
362 695
592 948
423 56
849 987
120 772
120 75
862 569
462 833
59 243
859 948
469 421
469 795
469 547
469 188
469 954
469 817
469 167
469 424
469 35
469 207
469 241
274 630
362 216
628 2
859 592
187 40
630 274
187 40
987 849
313 885
313 294
313 256
313 416
952 838
951 388
207 552
236 506
126 166
126 586
189 32
362 909
712 380
712 380
207 493
207 847
268 117
268 98
268 633
268 454
268 713
862 189
569 862
126 648
923 772
569 749
569 482
569 951
569 415
159 891
14 783
14 506
576 506
698 540
698 840
698 231
698 873
698 245
698 764
987 531
159 450
159 40
159 712
159 214
427 955
566 120
173 14
173 924
173 506
173 199
952 344
120 927
120 772
120 191
120 752
40 802
704 743
671 462
966 933
966 347
966 935
704 458
951 273
1001 702
185 617
749 569
40 198
923 193
923 214
923 53
40 198
362 324
126 166
362 168
173 541
90 644
428 647
428 142
428 200
428 971
428 857
428 915
428 952
428 136
891 629
427 955
193 290
427 955
607 483
607 591
428 990
428 92
428 31
428 953
427 955
126 166
126 586
927 646
927 551
927 854
927 542
927 823
927 369
927 770
927 722
927 113
927 535
927 513
927 485
927 250
927 444
663 638
75 120
335 464
159 923
531 987
159 923
862 189
362 324
59 423
243 457
299 634
891 414
948 927
948 592
948 126
948 416
948 859
948 165
241 469
987 432
987 197
987 364
987 849
987 540
987 840
987 789
987 231
987 311
987 872
987 511
987 809
987 482
987 873
987 994
987 251
987 245
987 28
987 338
987 582
987 433
987 361
987 531
987 95
987 588
987 56
987 955
987 764
987 641
987 68
299 96
537 208
537 236
106 740
200 971
854 927
654 991
746 692
523 309
955 540
955 773
955 311
955 925
955 987
955 540
955 773
955 311
955 925
955 987
948 232
15 731
1003 401
112 517
863 993
347 933
347 966
764 516
75 772
175 849
175 275
175 737
746 692
499 687
120 772
120 75
113 542
401 429
16 541
854 416
31 165
772 75
927 854
356 462
429 401
923 159
401 429
844 672
90 1001
429 401
334 75
356 912
424 795
424 207
772 927
772 951
772 609
772 454
772 752
153 977
214 687
96 299
96 634
229 469
96 299
96 634
75 127
75 607
75 191
75 220
75 334
951 273
75 772
401 429
581 135
90 124
592 948
723 41
772 75
429 401
493 207
977 153
592 134
933 347
933 966
301 978
188 421
723 758
951 338
301 795
61 700
607 997
607 671
607 742
607 692
607 397
607 769
607 317
607 591
566 120
290 193
290 53
290 214
153 977
738 783
573 126
607 775
281 189
388 951
915 200
401 429
542 113
392 517
630 207
284 406
260 168
284 731
743 166
743 550
743 157
743 704
743 684
423 101
423 175
274 630
846 561
566 120
249 569
249 862
712 450
923 159
343 322
630 274
381 327
956 743
712 450
415 833
738 783
924 644
505 822
532 506
532 13
499 684
505 337
712 450
712 40
712 159
309 1
309 97
517 392
704 684
159 40
743 472
743 859
712 450
712 40
712 159
743 956
862 189
566 120
214 4
75 772
193 56
847 31
847 569
847 424
159 40
159 712
193 56
772 75
356 157
356 462
159 923
159 915
159 356
159 591
48 684
392 112
940 214
416 633
607 334
977 644
334 38
684 704
48 684
120 772
684 704
377 605
866 457
644 977
704 684
200 915
416 633
644 924
684 704
809 8
260 168
168 948
308 748
851 915
851 280
851 530
851 920
189 410
189 281
915 923
915 687
915 356
915 159
915 591
416 885
416 256
416 147
416 313
416 854
915 923
915 687
915 159
915 591
915 851
915 280
915 530
915 920
704 743
189 281
4 214
516 764
605 700
75 772
24 647
855 697
862 469
410 189
231 245
764 516
200 915
106 740
168 362
977 497
506 532
249 670
924 199
531 482
506 14
506 783
319 684
275 175
915 200
788 164
506 541
506 996
506 199
506 657
670 249
381 327
136 857
136 915
136 165
175 275
532 437
783 506
783 14
682 783
61 522
214 159
783 738
783 738
718 61
783 682
629 214
32 791
682 783
61 517
788 50
159 923
159 687
159 915
159 591
685 569
942 135
166 126
166 586
714 193
159 923
159 687
159 607
159 692
159 334
657 506
17 857
197 923
166 762
31 165
891 630
264 329
61 718
61 718
61 718
168 912
168 356
326 938
2 790
2 700
2 628
790 2
790 628
61 991
628 790
628 2
790 628
472 356
923 2
758 956
758 723
758 918
758 41
758 844
628 790
628 2
506 657
790 516
783 682
168 912
790 812
165 948
165 67
232 948
165 401
700 605
700 605
31 165
15 680
723 41
697 855
942 135
634 788
67 344
67 963
67 207
429 401
707 98
707 951
707 98
707 680
707 951
707 609
695 362
696 457
569 749
569 862
569 749
569 482
569 951
569 415
569 862
290 629
915 923
915 687
915 159
915 591
290 614
31 165
31 990
891 629
31 569
160 629
31 915
590 214
912 356
586 885
569 862
680 790
644 702
977 153
415 833
415 401
415 150
415 191
324 534
324 591
634 299
324 534
324 591
605 700
1004 977
862 189
362 695
32 862
147 416
700 605
319 558
150 415
150 415
381 107
135 942
135 942
738 654
135 462
738 654
772 120
772 951
772 75
772 609
772 454
248 586
429 454
586 762
789 470
267 112
267 392
267 629
267 891
267 948
891 267
112 517
207 953
470 605
159 915
75 772
207 142
264 329
267 891
90 160
499 321
207 795
207 469
605 693
605 228
749 569
891 267
738 654
738 783
685 643
891 267
14 657
67 344
67 963
67 207
32 862
789 470
577 936
654 738
948 267
948 267
891 267
643 685
891 267
977 236
646 854
772 75
207 421
207 795
207 547
207 851
207 469
207 188
207 954
207 817
207 167
207 424
207 35
207 241
592 134
592 268
592 927
267 891
267 891
657 14
267 891
702 644
685 643
142 857
891 267
891 267
891 267
491 281
891 267
75 772
207 847
472 912
472 168
472 356
644 702
891 629
738 654
738 783
629 24
592 268
592 948
558 844
592 134
592 948
13 532
592 948
159 713
934 595
977 32
977 791
629 392
629 891
415 612
933 171
343 229
939 90
891 629
977 1004
629 561
680 707
680 284
680 422
680 720
680 15
112 267
415 127
629 891
470 502
532 13
472 52
377 246
377 724
891 267
472 52
794 854
24 629
491 281
470 189
470 249
470 6
229 483
13 532
849 275
849 737
849 175
912 472
854 337
561 267
561 493
629 631
629 493
90 223
362 324
561 846
207 469
207 558
207 35
516 764
175 849
175 275
175 737
516 790
207 469
207 558
663 395
561 631
1004 977
410 38
428 953
491 281
548 164
267 891
980 687
980 107
629 24
267 891
267 561
338 951
891 267
160 851
629 24
891 267
595 452
718 377
891 267
595 754
595 754
472 912
472 168
851 160
758 918
862 189
720 4
720 617
977 541
879 740
879 223
879 322
879 548
879 368
879 164
356 209
702 924
568 198
568 488
868 168
31 990
31 165
862 469
631 526
607 502
607 223
607 343
607 718
607 591
630 207
500 159
862 569
891 630
135 34
229 343
135 34
802 40
630 891
420 96
924 702
789 470
849 275
849 737
849 175
561 267
397 607
936 577
714 617
769 607
953 569
952 838
953 207
343 388
506 921
700 532
700 532
891 629
160 851
548 879
596 695
607 397
607 769
267 891
443 137
443 742
377 718
891 267
267 561
607 687
607 397
607 769
607 591
216 499
216 321
738 654
738 654
592 134
592 927
592 454
861 896
67 656
592 948
231 738
703 951
850 738
214 629
630 891
506 1001
506 924
469 862
267 891
280 360
90 160
891 267
891 630
927 948
927 147
927 515
927 722
927 629
207 953
978 988
978 421
978 795
978 547
978 851
978 469
978 188
978 614
978 301
978 954
978 817
978 167
978 141
978 552
978 424
978 35
978 207
159 142
362 547
157 586
522 61
693 122
693 122
1001 506
581 248
581 135
581 72
362 547
90 531
90 987
362 324
72 581
581 72
165 401
720 680
720 617
166 602
715 926
90 749
334 687
157 356
160 90
164 638
646 927
646 551
646 854
646 542
646 823
646 369
646 62
646 722
646 113
646 535
646 513
646 485
646 250
646 444
374 306
164 788
987 432
987 197
987 364
987 849
987 540
987 840
987 789
987 231
987 311
987 872
987 511
987 809
987 482
987 873
987 994
987 251
987 245
987 28
987 338
987 582
987 433
987 361
987 531
987 95
987 588
987 56
987 955
987 764
987 641
987 68
763 657
558 956
977 418
936 577
126 166
126 586
126 573
1001 924
1001 506
688 404
649 548
67 344
67 963
454 401
454 772
454 429
454 291
647 428
647 990
647 200
647 915
647 136
647 31
607 502
607 223
607 343
607 718
738 329
738 996
75 107
517 112
738 654
738 783
356 586
558 207
35 951
142 915
416 356
67 344
67 963
67 207
429 401
90 920
401 429
166 126
166 586
166 573
891 630
577 936
34 997
159 500
90 433
891 630
698 540
698 840
698 231
698 873
698 245
698 764
462 356
189 884
90 506
393 107
423 101
423 175
423 101
423 175
127 718
631 629
462 833
65 191
581 72
723 41
629 891
936 577
629 24
428 915
428 136
631 561
648 765
500 782
500 332
62 159
891 267
891 629
630 891
630 891
506 1001
506 924
491 5
631 493
175 442
56 423
823 542
823 535
64 322
631 493
921 506
264 329
423 56
159 923
936 577
53 613
569 862
862 569
207 469
374 306
427 955
506 90
32 432
32 19
32 249
32 170
32 843
32 977
32 365
32 236
32 0
32 380
32 418
32 381
32 777
862 569
167 851
362 324
418 996
428 851
915 142
469 167
718 724
34 997
34 855
11 662
171 590
561 846
11 619
977 644
267 891
377 53
214 428
214 142
214 915
171 590
891 267
977 497
977 1001
977 969
290 193
290 53
607 231
321 618
718 127
724 718
171 590
134 592
134 291
134 454
24 629
775 607
629 526
629 894
629 24
629 685
629 846
629 280
629 360
629 630
629 631
629 160
629 530
629 493
629 202
629 561
629 658
657 506
851 428
220 65
220 749
220 75
220 334
977 569
724 718
220 65
220 749
220 75
220 334
607 775
746 692
150 415
855 697
855 540
855 311
150 415
569 862
712 450
712 40
569 470
569 862
569 538
569 991
569 333
569 710
569 502
569 249
569 693
569 295
569 6
569 409
569 976
569 0
569 599
569 605
569 228
275 175
540 311
540 873
540 925
540 955
540 698
540 311
540 955
62 159
159 450
159 712
67 963
67 207
923 193
923 53
749 569
951 338
159 40
923 159
580 569
2 700
193 540
220 65
220 75
220 334
307 159
679 499
712 40
214 765
718 724
65 687
65 334
541 977
159 739
159 544
923 53
738 719
334 65
90 506
738 783
322 879
166 602
166 743
103 206
103 950
103 423
103 514
103 303
103 832
103 164
334 923
334 687
915 157
15 680
15 731
948 927
948 65
948 592
948 126
948 499
948 191
948 859
948 629
372 934
15 370
15 680
15 422
15 731
416 356
159 307
159 742
629 891
918 499
629 526
629 894
629 24
629 685
629 846
629 280
629 360
629 630
629 631
629 160
629 530
629 493
629 202
629 561
629 658
749 746
956 499
840 540
416 885
854 120
569 862
569 862
745 996
318 595
318 71
174 524
915 8
915 739
915 8
915 8
915 739
915 739
506 90
166 185
458 48
458 25
458 499
969 189
541 977
372 934
506 783
506 738
506 236
443 137
443 742
2 977
2 969
738 506
443 137
443 742
1001 506
891 629
862 189
862 189
684 704
702 924
1001 506
977 541
977 541
506 1001
126 586
832 324
991 61
991 654
783 738
783 738
783 738
1 309
991 654
783 654
783 738
2 700
1 343
1001 506
790 680
506 1001
168 472
168 77
2 629
586 356
586 885
586 294
586 166
586 126
586 573
790 2
790 2
790 812
236 977
2 119
418 977
542 528
891 267
891 267
558 684
168 575
119 2
788 634
135 581
77 168
