582 364
168 472
168 912
2 790
2 322
2 790
42 402
870 337
663 362
663 410
565 550
987 433
663 343
581 135
581 942
978 988
978 421
978 795
978 547
978 851
978 469
978 188
978 614
978 301
978 954
978 817
978 167
978 141
978 552
978 424
978 35
978 207
569 749
174 534
844 684
31 165
429 401
569 862
418 969
294 885
294 256
294 648
294 416
294 313
921 1001
159 356
700 184
159 912
947 774
703 771
947 774
749 569
713 291
34 135
291 713
955 540
291 713
67 344
67 165
544 8
544 143
544 143
443 742
443 703
343 159
569 862
772 609
942 135
772 454
135 34
569 749
569 482
569 951
569 415
772 951
674 112
695 187
936 581
569 862
569 749
569 482
569 415
569 293
569 599
569 605
112 267
112 674
933 171
933 590
933 577
933 686
933 966
541 199
541 199
862 569
772 75
772 609
772 454
695 692
159 214
568 495
568 947
568 198
568 488
568 379
428 915
629 24
58 909
344 373
987 872
772 120
772 951
772 75
772 609
772 454
643 685
410 663
277 715
362 111
292 502
292 718
292 201
435 500
207 795
207 469
942 135
433 32
256 885
256 294
256 313
680 790
629 159
561 631
765 133
942 581
48 956
638 53
572 862
572 32
253 191
112 674
253 191
105 220
609 772
440 537
657 541
429 454
274 851
278 940
940 278
833 185
663 362
192 532
48 565
62 646
912 168
912 472
32 433
663 410
978 469
978 167
978 35
90 223
454 134
454 401
454 429
454 291
454 134
454 401
454 429
454 291
159 214
34 997
34 997
704 48
344 373
280 890
249 716
685 643
530 629
530 891
207 953
609 772
685 541
685 724
685 1001
988 267
742 443
720 135
743 859
275 849
275 175
643 381
135 942
107 201
174 534
14 828
718 61
14 381
568 947
308 418
713 566
692 233
765 859
765 743
830 769
568 660
335 532
947 774
575 439
575 77
575 260
575 168
569 470
569 862
569 538
569 991
569 333
569 710
569 249
569 693
569 295
569 6
569 409
569 976
569 0
569 599
569 605
569 228
942 135
765 743
1001 685
854 542
569 470
569 862
569 538
569 991
569 333
569 710
569 502
569 249
569 693
569 295
569 6
569 409
569 976
569 0
569 599
569 605
569 228
586 294
629 65
569 862
692 769
765 762
65 629
256 885
256 294
256 416
256 313
188 421
188 141
188 569
256 416
188 421
188 141
188 569
159 912
185 106
165 31
569 862
569 862
5 107
267 988
912 159
185 231
321 565
912 168
291 268
291 401
291 429
171 933
540 364
540 789
540 796
540 231
540 511
540 994
540 245
540 338
540 433
540 361
540 95
540 56
540 836
540 987
540 68
858 700
577 933
72 135
72 581
1004 977
927 854
927 823
927 722
927 535
927 646
927 551
927 854
927 542
927 823
927 369
927 770
927 722
927 113
927 535
927 513
927 485
927 250
927 444
136 629
309 1
311 540
362 369
692 159
692 334
362 547
933 577
309 1
942 135
362 854
541 173
207 493
859 948
530 493
629 530
977 1004
530 493
67 963
67 207
530 629
859 743
290 765
334 65
334 671
334 687
245 540
61 393
1004 977
987 789
530 629
61 991
61 712
912 168
309 1
343 663
343 663
855 34
855 697
67 656
629 891
493 530
912 168
103 950
103 514
103 303
692 624
499 844
718 904
332 318
718 904
718 904
718 904
977 1004
718 904
742 687
743 859
718 904
718 904
684 48
684 565
684 918
684 318
684 679
684 704
684 321
684 844
718 904
718 904
718 904
101 597
718 904
185 915
62 159
344 373
718 980
469 207
787 214
185 762
1004 189
159 912
193 923
159 214
185 236
159 214
912 168
90 851
90 978
166 602
166 586
712 61
771 137
189 1004
65 334
134 592
134 291
134 454
663 343
912 159
189 652
189 904
189 470
189 716
189 249
189 595
189 6
189 410
189 365
189 236
189 1004
189 718
189 201
189 114
84 343
290 56
718 732
769 692
738 783
61 712
280 629
568 947
137 771
769 692
137 443
540 311
540 925
540 955
523 374
868 765
220 159
220 334
334 687
189 410
771 137
159 935
383 311
392 517
862 569
159 912
517 392
803 517
948 927
948 890
948 120
948 191
948 629
631 629
936 942
159 214
103 514
582 364
517 803
624 692
948 927
948 65
948 592
948 416
948 859
948 927
948 65
948 592
948 126
948 416
948 859
948 165
663 84
4 159
343 663
868 168
256 885
256 294
256 313
103 514
535 854
535 369
535 722
535 250
535 444
966 933
859 565
790 2
790 2
987 432
987 197
987 364
987 849
987 540
987 840
987 789
987 231
987 311
987 872
987 511
987 809
987 482
987 873
987 994
987 251
987 245
987 28
987 338
987 582
987 433
987 361
987 531
987 95
987 588
987 56
987 955
987 764
987 641
987 68
868 168
859 743
136 857
167 159
535 124
912 159
927 722
927 250
249 693
249 32
249 433
540 245
291 268
702 644
927 854
927 722
927 250
290 159
758 844
159 214
511 849
231 738
644 702
966 933
966 347
966 935
220 65
220 749
220 75
220 334
337 505
135 720
135 82
135 870
135 581
135 4
135 371
135 628
135 72
596 450
700 858
159 214
702 644
231 2
790 2
854 535
135 942
644 702
433 159
955 540
955 773
955 311
955 427
955 925
955 987
854 535
638 622
771 4
48 684
316 915
41 723
360 526
360 24
360 280
360 629
360 631
360 160
360 530
360 493
360 561
360 658
629 530
731 680
493 360
416 648
698 540
698 840
698 231
698 873
698 245
698 764
335 29
335 208
335 537
335 810
335 464
335 737
335 532
335 553
335 118
335 5
335 468
335 985
335 664
335 688
335 236
335 670
335 1004
335 980
335 201
335 175
335 643
335 381
335 808
335 228
1004 189
926 748
926 308
695 362
915 185
592 927
53 776
900 272
915 428
31 658
77 260
356 765
174 510
356 765
530 629
788 740
951 502
700 2
90 233
915 647
977 541
444 535
356 765
90 660
771 65
723 41
743 859
915 718
250 332
306 660
159 214
65 771
444 535
159 433
534 388
534 84
332 250
809 159
250 332
948 927
948 65
948 592
948 126
948 120
948 75
948 416
948 191
948 859
948 629
948 165
290 159
674 517
940 159
462 923
462 223
462 189
462 687
462 586
462 449
462 692
462 535
462 591
462 334
915 647
915 428
915 200
915 857
191 415
191 948
159 214
332 250
200 915
35 851
75 948
940 633
771 65
280 851
280 915
280 530
280 920
103 950
103 514
103 303
418 308
233 450
233 692
511 338
418 996
942 135
948 803
948 267
948 112
948 674
948 392
948 459
643 685
936 942
24 530
360 493
388 534
388 84
535 444
306 523
530 24
175 275
950 103
535 462
948 927
948 592
948 126
948 416
948 191
948 859
948 165
260 77
207 847
260 77
369 535
891 631
926 157
951 976
951 569
660 306
707 880
592 134
90 428
77 260
294 586
107 464
294 885
84 343
885 416
356 765
90 200
159 940
64 534
103 514
416 762
159 731
410 595
891 629
685 724
2 231
443 662
168 912
335 29
335 208
335 537
335 810
335 464
335 737
335 532
335 553
335 118
335 5
335 468
335 985
335 664
335 688
335 236
335 670
335 1004
335 980
335 201
335 175
335 643
335 381
335 808
335 228
881 506
942 936
942 135
599 693
103 514
416 134
940 159
885 294
738 576
738 516
738 541
738 650
738 327
738 747
738 881
738 14
738 508
738 945
738 923
738 532
738 682
738 131
738 654
738 270
738 837
738 719
738 1001
738 745
738 979
738 850
738 924
738 783
738 173
738 13
738 437
738 761
738 653
738 506
738 996
738 199
738 644
738 921
738 657
738 702
168 912
335 670
207 167
552 188
428 915
32 432
32 19
32 249
32 170
32 843
32 977
32 365
32 236
32 0
32 380
32 418
32 381
32 777
703 135
147 890
428 90
746 692
159 940
4 771
168 912
428 31
174 125
174 102
174 510
541 576
541 506
541 644
532 13
541 199
106 185
936 942
106 185
200 90
174 534
912 356
912 356
912 356
912 602
912 356
912 356
61 193
602 912
106 1001
106 702
1001 650
168 260
915 687
915 591
168 126
602 743
61 517
506 881
168 912
506 541
704 321
126 168
126 356
398 450
776 687
776 591
790 2
500 782
915 731
232 912
232 168
942 936
61 718
881 506
693 599
356 472
356 159
2 790
648 765
168 912
168 472
168 232
532 335
561 360
724 246
724 685
472 356
912 168
790 2
472 356
356 472
506 1001
356 743
537 440
537 440
180 727
1001 506
335 532
335 532
260 168
506 1001
712 450
168 260
303 343
628 135
628 871
628 720
165 31
165 401
165 67
955 540
955 427
159 356
159 214
942 135
200 142
401 415
401 429
401 291
401 454
356 159
67 344
67 963
67 207
344 373
569 749
569 482
569 951
569 415
112 267
112 674
67 963
67 207
771 4
659 159
659 306
659 374
599 693
4 771
159 214
321 704
402 343
5 553
5 670
696 595
469 528
402 299
142 200
415 150
415 150
415 833
415 569
415 191
415 401
415 150
415 569
415 191
290 566
150 415
629 631
704 321
334 75
952 142
191 948
629 891
629 530
550 546
200 142
236 185
401 429
401 429
362 383
200 142
249 716
424 421
424 795
424 207
907 883
987 231
424 421
424 795
424 207
629 190
978 469
142 952
429 401
909 58
207 795
360 561
135 581
142 200
951 769
450 233
629 891
135 628
743 356
135 703
450 398
135 942
1004 724
833 415
356 765
942 135
25 458
306 374
38 334
200 915
193 65
193 120
193 609
193 546
291 134
291 268
291 401
291 1003
291 117
291 98
291 609
291 429
291 454
291 713
978 547
978 851
978 469
978 188
978 614
978 954
978 167
978 141
978 35
362 141
904 718
607 231
904 718
500 166
58 909
381 532
629 160
701 220
35 978
546 565
546 844
629 526
629 894
629 24
629 685
629 846
629 280
629 360
629 630
629 631
629 160
629 530
629 493
629 202
629 561
629 658
696 595
133 765
75 334
75 334
423 246
423 101
423 175
924 199
469 978
612 740
581 951
482 987
188 978
749 569
180 727
749 569
482 569
482 569
482 569
482 569
482 569
482 569
142 302
978 629
142 990
868 168
142 971
987 251
65 193
65 191
765 648
547 978
630 167
607 978
443 742
671 334
48 718
48 669
142 428
142 915
956 48
956 216
956 319
956 558
630 530
592 134
48 29
569 749
569 951
569 415
167 630
644 199
718 980
180 958
629 978
718 980
885 256
885 648
569 482
309 1
505 337
978 607
978 629
335 532
309 1
648 885
377 607
629 978
469 630
462 535
429 401
160 24
173 657
629 530
90 746
462 833
742 443
540 364
540 849
540 789
540 796
540 231
540 994
540 245
540 338
540 433
540 361
540 95
540 56
540 836
540 987
540 68
343 303
90 746
592 134
592 268
592 927
592 454
630 469
630 167
420 164
415 401
415 150
275 849
275 175
236 90
90 428
846 561
692 233
738 783
175 849
175 275
561 846
443 742
24 160
24 160
693 599
746 692
951 865
116 272
846 561
90 200
530 630
746 90
569 749
628 135
530 629
530 891
530 160
311 53
401 429
530 629
530 891
530 160
846 838
454 401
454 772
454 120
454 429
454 291
184 407
135 942
955 231
135 65
955 231
65 135
629 891
629 160
629 530
866 718
704 48
704 684
629 65
360 24
849 275
849 175
48 704
866 718
159 923
48 704
278 220
135 540
214 428
214 142
214 915
704 48
311 53
220 278
316 159
704 48
469 630
855 697
62 646
48 704
338 329
48 704
125 337
207 953
207 165
106 185
135 942
369 444
963 67
697 540
142 159
428 142
891 629
692 746
698 540
698 840
698 231
698 873
698 245
698 764
159 316
159 214
48 458
607 377
704 48
607 483
607 591
65 629
703 443
101 724
672 844
24 360
344 373
344 373
428 90
923 197
326 146
159 731
429 454
228 569
558 956
558 318
558 684
558 844
444 369
643 381
159 612
738 719
160 685
624 329
281 189
963 67
338 329
76 185
150 147
509 299
53 233
90 433
1001 738
742 443
798 278
746 692
416 126
795 424
795 207
670 107
311 540
440 537
440 226
135 628
135 65
135 65
629 891
530 629
987 482
950 343
171 933
987 531
531 987
423 246
423 101
423 175
90 236
891 629
838 662
187 466
923 193
891 353
966 168
850 576
850 516
850 541
850 327
850 881
850 14
850 682
850 270
850 719
850 1001
850 979
850 924
850 783
850 173
850 13
850 761
850 506
850 996
850 199
850 644
850 921
850 657
850 702
850 738
443 703
977 418
629 891
662 838
953 207
193 923
397 975
397 671
75 229
75 607
278 798
189 281
40 187
111 362
275 114
942 135
353 891
942 135
267 988
923 193
891 353
143 159
712 159
890 546
662 572
662 430
662 900
662 450
662 947
662 466
662 568
662 198
662 187
662 26
662 488
662 40
662 379
662 596
662 272
662 60
662 712
662 802
662 695
327 849
327 275
327 737
327 897
327 702
193 923
418 996
161 193
353 891
187 662
685 160
418 977
188 978
303 950
702 327
187 466
159 356
137 443
692 534
977 418
923 193
692 660
114 275
628 135
327 702
193 923
629 530
704 270
418 996
174 534
418 977
977 418
890 280
951 692
443 137
280 629
984 885
684 704
24 631
416 762
581 135
116 769
280 526
280 647
280 547
280 851
280 188
280 24
280 32
280 915
280 360
280 631
280 530
280 920
280 561
137 443
704 684
422 731
168 966
692 749
200 915
168 912
670 175
5 553
334 65
334 687
334 629
334 530
692 749
90 236
450 947
450 596
530 334
256 885
256 294
984 416
491 506
663 950
401 429
416 633
765 214
765 214
280 851
280 915
280 530
280 920
207 953
984 586
984 762
923 772
923 120
207 847
429 401
236 90
764 364
401 429
168 77
429 401
236 90
168 77
724 101
738 850
31 165
966 168
31 165
214 765
159 278
654 783
654 738
168 77
159 40
159 712
159 214
915 200
517 61
915 428
977 1004
214 142
214 142
175 849
175 275
175 737
607 75
52 313
846 561
724 293
77 168
738 654
561 846
561 846
249 189
629 214
159 531
61 517
249 189
61 718
657 850
168 77
595 372
168 966
577 458
942 135
77 168
168 77
458 704
77 575
362 870
458 956
458 319
458 558
362 216
362 167
704 458
1004 977
356 159
746 692
731 915
356 157
356 462
362 421
534 102
362 517
362 605
362 718
72 135
72 581
137 443
912 602
912 356
891 543
912 356
170 697
912 168
912 168
168 912
582 364
912 159
840 231
840 245
168 912
783 850
199 541
168 260
712 450
712 40
712 159
165 67
306 659
857 122
135 581
531 159
531 482
559 346
415 150
569 862
569 749
569 482
569 415
569 599
569 605
142 428
142 915
581 72
142 274
987 531
191 120
987 809
67 707
316 159
67 344
75 772
855 581
558 207
723 565
67 344
67 165
356 912
450 572
450 900
450 947
450 568
450 662
450 596
450 272
450 802
450 695
141 718
233 53
135 942
942 135
873 329
31 990
67 344
67 165
528 469
343 223
772 75
978 159
185 166
356 472
356 743
356 472
720 135
275 849
275 737
275 175
482 569
605 693
356 912
356 472
605 693
193 159
685 643
306 660
334 159
334 776
789 540
159 214
137 443
120 65
742 214
742 159
502 951
912 159
214 590
912 168
643 685
440 537
65 120
685 643
541 576
541 506
541 644
592 134
592 454
440 537
592 134
873 231
775 718
775 591
158 716
158 249
333 470
333 862
333 538
333 710
333 502
333 249
333 6
333 409
333 0
333 569
333 599
333 605
333 228
541 199
333 693
912 602
912 356
912 356
458 48
458 704
458 684
607 591
912 356
912 356
942 135
135 703
356 472
731 870
500 782
684 458
462 356
418 977
134 151
134 151
700 187
134 151
159 356
912 168
418 996
401 429
135 720
159 742
500 332
435 500
25 48
25 216
25 319
25 458
977 418
135 942
418 996
118 532
356 912
418 977
912 168
731 870
1004 189
118 732
418 996
377 423
377 101
377 866
1004 189
605 362
566 120
644 541
870 697
127 732
239 609
654 783
654 738
107 201
72 135
72 581
423 377
251 506
423 377
505 337
362 383
362 605
581 72
954 978
775 692
472 168
700 638
542 646
542 62
542 646
542 62
38 334
422 731
840 540
840 318
840 338
280 631
393 980
260 168
214 223
660 692
469 630
716 718
951 738
630 469
581 248
581 135
581 72
135 72
248 581
516 532
991 61
193 550
193 923
135 942
609 96
532 437
72 135
72 581
135 72
563 8
581 72
141 851
581 72
159 143
738 951
731 915
214 912
566 120
418 996
703 159
607 591
418 996
569 482
738 837
851 141
942 135
742 443
742 443
482 569
214 912
684 48
482 569
103 950
103 514
103 303
103 832
523 306
126 166
991 654
126 168
523 306
103 950
103 514
103 303
516 532
14 924
14 173
14 506
14 199
24 530
980 393
139 534
139 206
139 487
139 477
139 154
139 125
139 102
139 939
139 524
139 174
139 510
139 324
950 303
290 214
322 534
72 135
72 581
159 56
978 483
429 401
435 782
136 428
174 534
581 72
377 607
159 923
159 214
684 565
684 318
684 321
684 458
684 844
401 429
0 118
159 188
159 978
159 502
159 569
428 915
886 250
607 377
607 483
607 591
550 546
718 716
159 188
159 978
83 784
566 120
126 416
112 466
187 466
134 592
134 291
134 454
454 291
187 466
67 344
67 963
67 207
915 428
134 592
193 120
193 546
429 401
267 112
401 429
275 114
428 274
566 120
700 638
638 322
303 832
926 748
90 236
275 114
290 214
951 706
502 159
978 614
294 868
541 644
290 159
343 950
543 891
978 614
732 118
335 867
644 541
933 935
343 388
275 114
566 120
697 311
697 925
697 855
424 421
424 795
424 207
214 765
101 724
167 988
569 482
114 275
220 65
220 749
220 75
220 334
214 743
554 185
743 214
25 458
61 517
935 933
587 245
718 716
428 647
428 142
428 200
428 971
428 857
428 915
428 952
428 136
743 912
743 356
388 832
592 134
2 58
2 58
2 58
2 58
851 167
126 166
126 586
718 61
718 915
122 924
135 942
135 72
718 915
175 670
851 978
607 502
607 223
607 343
607 718
607 591
743 704
718 591
159 278
334 718
782 500
185 554
716 149
66 45
187 254
106 740
499 684
245 587
644 924
149 716
150 415
150 415
150 415
150 415
66 45
749 540
106 740
200 142
553 107
553 107
833 462
617 720
748 926
343 388
541 506
278 159
142 200
924 644
923 159
592 134
592 927
720 617
915 731
200 142
569 159
942 135
569 749
569 482
569 951
569 415
175 849
175 275
175 737
644 924
291 268
275 849
275 737
275 175
692 660
159 923
912 168
862 189
159 278
862 189
159 214
862 189
586 166
586 126
638 38
886 250
935 90
90 388
738 654
738 783
313 30
313 765
586 984
586 762
499 956
586 294
90 935
586 166
586 602
586 267
15 731
15 680
15 680
15 680
15 680
586 267
38 638
168 912
159 142
168 472
586 885
168 126
915 530
912 77
416 948
416 147
561 846
861 896
960 34
506 576
506 541
506 173
506 996
506 199
506 657
180 958
960 34
561 846
960 34
942 135
506 996
561 846
207 630
423 246
423 101
540 749
168 912
322 638
506 1001
506 576
168 912
168 77
1001 506
372 415
684 48
423 716
313 885
168 260
629 891
891 629
245 231
950 303
629 891
180 958
891 629
912 168
891 629
629 891
135 942
77 168
424 421
424 795
424 207
418 996
629 891
168 885
168 912
168 77
168 260
168 472
139 487
139 477
139 125
139 174
139 323
891 629
936 30
135 942
629 891
125 337
168 77
561 846
923 197
891 629
891 629
532 790
532 700
629 891
891 629
541 16
586 885
629 891
891 629
200 971
200 952
200 136
200 344
200 543
629 891
891 629
743 602
586 157
61 591
586 762
534 206
534 174
534 591
17 857
17 165
923 687
923 591
552 141
502 976
418 996
17 915
199 924
199 644
200 971
200 952
200 136
200 344
200 543
915 17
61 692
61 718
657 506
306 523
790 532
260 168
915 731
915 200
168 912
168 77
168 260
506 541
506 996
506 199
506 657
506 1001
506 1001
644 199
30 936
31 165
31 165
987 432
987 197
987 364
987 849
987 540
987 840
987 789
987 231
987 311
987 872
987 511
987 809
987 482
987 873
987 994
987 251
987 245
987 28
987 338
987 582
987 433
987 361
987 531
987 95
987 588
987 56
987 955
987 764
987 641
987 68
135 942
188 159
749 415
415 372
566 120
644 199
935 214
29 48
377 687
987 432
987 197
987 364
987 849
987 540
987 840
987 789
987 231
987 311
987 872
987 511
987 809
987 482
987 873
987 994
987 251
987 245
987 28
987 338
987 582
987 433
987 361
987 531
987 95
987 588
987 56
987 955
987 764
987 641
987 68
499 956
531 482
772 120
772 951
772 75
772 609
772 454
955 540
955 773
955 311
955 427
955 925
955 987
955 540
955 773
955 311
955 427
955 925
955 987
629 891
772 120
772 951
772 75
772 609
772 454
214 935
955 540
955 773
955 311
955 427
955 925
955 987
119 700
119 812
955 540
955 773
955 311
955 427
955 925
955 987
135 82
135 870
135 581
135 4
135 371
135 628
935 214
135 371
135 30
630 207
926 748
926 308
605 693
605 569
596 450
343 663
75 850
75 127
75 607
75 191
75 220
657 541
657 506
657 996
657 199
592 927
334 462
936 30
191 65
191 749
191 948
191 190
191 415
267 112
267 392
499 592
566 120
61 692
617 720
106 740
429 454
509 638
509 299
509 634
509 96
509 832
630 891
692 749
692 749
422 569
630 274
454 401
454 120
454 429
454 291
309 1
309 97
891 630
165 17
291 454
291 454
900 272
630 891
900 450
569 862
450 40
942 135
324 700
291 268
428 302
846 561
684 48
936 577
65 191
731 739
948 592
948 126
948 859
415 372
772 120
772 951
772 75
772 609
772 454
772 120
638 509
60 568
60 187
859 515
428 316
90 200
948 592
948 52
948 126
948 500
948 168
948 416
948 859
948 165
684 48
684 499
428 136
470 569
440 537
440 226
720 587
859 743
135 942
462 833
454 401
454 429
454 291
630 685
90 107
440 226
772 633
772 951
772 75
772 609
772 454
440 537
948 927
948 65
948 592
948 126
948 500
948 416
948 859
948 165
523 306
700 112
107 201
428 857
607 91
720 587
107 393
112 40
32 862
948 927
948 592
948 126
948 499
948 416
948 859
948 165
692 550
700 638
948 927
948 65
948 592
948 416
948 191
948 859
278 159
936 581
948 927
948 65
948 592
948 126
948 416
948 191
948 859
952 200
685 630
59 687
743 859
48 29
739 731
743 859
577 936
135 540
857 17
561 846
561 493
693 122
236 537
693 122
749 660
362 324
935 159
362 12
936 577
112 267
273 951
566 120
915 591
316 915
716 423
344 373
344 373
112 846
638 700
936 577
663 343
692 749
849 275
849 737
849 175
275 849
275 737
275 175
847 142
915 136
356 30
77 168
977 153
586 267
942 135
509 402
509 402
847 207
977 153
936 456
517 362
112 846
175 849
175 275
175 737
517 61
291 134
291 268
291 117
291 98
291 429
356 159
977 153
772 120
772 951
772 75
772 609
772 454
565 48
144 8
144 8
159 278
660 749
319 48
319 216
135 942
628 135
40 450
90 844
951 203
106 740
758 48
334 607
150 415
5 553
849 275
849 737
849 175
135 628
849 275
849 737
849 175
923 159
849 275
849 737
849 175
90 107
630 891
723 41
90 107
731 915
630 530
517 159
731 15
306 742
657 996
538 502
493 24
596 329
592 948
334 65
334 749
334 687
334 692
830 329
592 134
24 493
763 14
830 769
657 996
592 134
592 927
592 454
592 134
493 24
428 915
457 61
457 19
457 246
457 716
457 522
457 687
457 696
457 423
457 243
457 101
457 866
457 777
772 923
948 500
948 416
948 859
948 165
101 457
933 171
159 923
159 214
749 334
280 631
159 214
550 692
281 491
859 743
749 61
749 742
749 629
67 963
67 165
135 581
454 134
454 592
454 401
454 429
454 291
67 165
362 324
260 77
862 32
423 716
306 659
90 236
423 457
423 246
423 101
362 324
592 291
32 502
32 189
592 134
592 268
592 927
592 948
592 454
592 713
830 769
377 607
353 891
377 687
592 948
248 462
362 695
592 948
423 56
849 987
120 772
120 75
862 569
462 833
59 243
859 948
469 421
469 795
469 547
469 188
469 954
469 817
469 167
469 424
469 35
469 207
469 241
274 630
362 216
628 2
859 592
187 40
630 274
187 40
987 849
313 885
313 294
313 256
313 416
952 838
951 388
207 552
236 506
126 166
126 586
189 32
362 909
712 380
712 380
207 493
207 847
268 117
268 98
268 633
268 454
268 713
862 189
569 862
126 648
923 772
569 749
569 482
569 951
569 415
159 891
14 783
14 506
576 506
698 540
698 840
698 231
698 873
698 245
698 764
987 531
159 450
159 40
159 712
159 214
427 955
566 120
173 14
173 924
173 506
173 199
952 344
120 927
120 772
120 191
120 752
40 802
704 743
671 462
966 933
966 347
966 935
704 458
951 273
1001 702
185 617
749 569
40 198
923 193
923 214
923 53
40 198
362 324
126 166
362 168
173 541
90 644
428 647
428 142
428 200
428 971
428 857
428 915
428 952
428 136
891 629
427 955
193 290
427 955
607 483
607 591
428 990
428 92
428 31
428 953
427 955
126 166
126 586
927 646
927 551
927 854
927 542
927 823
927 369
927 770
927 722
927 113
927 535
927 513
927 485
927 250
927 444
663 638
75 120
335 464
159 923
531 987
159 923
862 189
362 324
59 423
243 457
299 634
891 414
948 927
948 592
948 126
948 416
948 859
948 165
241 469
987 432
987 197
987 364
987 849
987 540
987 840
987 789
987 231
987 311
987 872
987 511
987 809
987 482
987 873
987 994
987 251
987 245
987 28
987 338
987 582
987 433
987 361
987 531
987 95
987 588
987 56
987 955
987 764
987 641
987 68
299 96
537 208
537 236
106 740
200 971
854 927
654 991
746 692
523 309
955 540
955 773
955 311
955 925
955 987
955 540
955 773
955 311
955 925
955 987
948 232
15 731
1003 401
112 517
863 993
347 933
347 966
764 516
75 772
175 849
175 275
175 737
746 692
499 687
120 772
120 75
113 542
401 429
16 541
854 416
31 165
772 75
927 854
356 462
429 401
923 159
401 429
844 672
90 1001
429 401
334 75
356 912
424 795
424 207
772 927
772 951
772 609
772 454
772 752
153 977
214 687
96 299
96 634
229 469
96 299
96 634
75 127
75 607
75 191
75 220
75 334
951 273
75 772
401 429
581 135
90 124
592 948
723 41
772 75
429 401
493 207
977 153
592 134
933 347
933 966
301 978
188 421
723 758
951 338
301 795
61 700
607 997
607 671
607 742
607 692
607 397
607 769
607 317
607 591
566 120
290 193
290 53
290 214
153 977
738 783
573 126
607 775
281 189
388 951
915 200
401 429
542 113
392 517
630 207
284 406
260 168
284 731
743 166
743 550
743 157
743 704
743 684
423 101
423 175
274 630
846 561
566 120
249 569
249 862
712 450
923 159
343 322
630 274
381 327
956 743
712 450
415 833
738 783
924 644
505 822
532 506
532 13
499 684
505 337
712 450
712 40
712 159
309 1
309 97
517 392
704 684
159 40
743 472
743 859
712 450
712 40
712 159
743 956
862 189
566 120
214 4
75 772
193 56
847 31
847 569
847 424
159 40
159 712
193 56
772 75
356 157
356 462
159 923
159 915
159 356
159 591
48 684
392 112
940 214
416 633
607 334
977 644
334 38
684 704
48 684
120 772
684 704
377 605
866 457
644 977
704 684
200 915
416 633
644 924
684 704
809 8
260 168
168 948
308 748
851 915
851 280
851 530
851 920
189 410
189 281
915 923
915 687
915 356
915 159
915 591
416 885
416 256
416 147
416 313
416 854
915 923
915 687
915 159
915 591
915 851
915 280
915 530
915 920
704 743
189 281
4 214
516 764
605 700
75 772
24 647
855 697
862 469
410 189
231 245
764 516
200 915
106 740
168 362
977 497
506 532
249 670
924 199
531 482
506 14
506 783
319 684
275 175
915 200
788 164
506 541
506 996
506 199
506 657
670 249
381 327
136 857
136 915
136 165
175 275
532 437
783 506
783 14
682 783
61 522
214 159
783 738
783 738
718 61
783 682
629 214
32 791
682 783
61 517
788 50
159 923
159 687
159 915
159 591
685 569
942 135
166 126
166 586
714 193
159 923
159 687
159 607
159 692
159 334
657 506
17 857
197 923
166 762
31 165
891 630
264 329
61 718
61 718
61 718
168 912
168 356
326 938
2 790
2 700
2 628
790 2
790 628
61 991
628 790
628 2
790 628
472 356
923 2
758 956
758 723
758 918
758 41
758 844
628 790
628 2
506 657
790 516
783 682
168 912
790 812
165 948
165 67
232 948
165 401
700 605
700 605
31 165
15 680
723 41
697 855
942 135
634 788
67 344
67 963
67 207
429 401
707 98
707 951
707 98
707 680
707 951
707 609
695 362
696 457
569 749
569 862
569 749
569 482
569 951
569 415
569 862
290 629
915 923
915 687
915 159
915 591
290 614
31 165
31 990
891 629
31 569
160 629
31 915
590 214
912 356
586 885
569 862
680 790
644 702
977 153
415 833
415 401
415 150
415 191
324 534
324 591
634 299
324 534
324 591
605 700
1004 977
862 189
362 695
32 862
147 416
700 605
319 558
150 415
150 415
381 107
135 942
135 942
738 654
135 462
738 654
772 120
772 951
772 75
772 609
772 454
248 586
429 454
586 762
789 470
267 112
267 392
267 629
267 891
267 948
891 267
112 517
207 953
470 605
159 915
75 772
207 142
264 329
267 891
90 160
499 321
207 795
207 469
605 693
605 228
749 569
891 267
738 654
738 783
685 643
891 267
14 657
67 344
67 963
67 207
32 862
789 470
577 936
654 738
948 267
948 267
891 267
643 685
891 267
977 236
646 854
772 75
207 421
207 795
207 547
207 851
207 469
207 188
207 954
207 817
207 167
207 424
207 35
207 241
592 134
592 268
592 927
267 891
267 891
657 14
267 891
702 644
685 643
142 857
891 267
891 267
891 267
491 281
891 267
75 772
207 847
472 912
472 168
472 356
644 702
891 629
738 654
738 783
629 24
592 268
592 948
558 844
592 134
592 948
13 532
592 948
159 713
934 595
977 32
977 791
629 392
629 891
415 612
933 171
343 229
939 90
891 629
977 1004
629 561
680 707
680 284
680 422
680 720
680 15
112 267
415 127
629 891
470 502
532 13
472 52
377 246
377 724
891 267
472 52
794 854
24 629
491 281
470 189
470 249
470 6
229 483
13 532
849 275
849 737
849 175
912 472
854 337
561 267
561 493
629 631
629 493
90 223
362 324
561 846
207 469
207 558
207 35
516 764
175 849
175 275
175 737
516 790
207 469
207 558
663 395
561 631
1004 977
410 38
428 953
491 281
548 164
267 891
980 687
980 107
629 24
267 891
267 561
338 951
891 267
160 851
629 24
891 267
595 452
718 377
891 267
595 754
595 754
472 912
472 168
851 160
758 918
862 189
720 4
720 617
977 541
879 740
879 223
879 322
879 548
879 368
879 164
356 209
702 924
568 198
568 488
868 168
31 990
31 165
862 469
631 526
607 502
607 223
607 343
607 718
607 591
630 207
500 159
862 569
891 630
135 34
229 343
135 34
802 40
630 891
420 96
924 702
789 470
849 275
849 737
849 175
561 267
397 607
936 577
714 617
769 607
953 569
952 838
953 207
343 388
506 921
700 532
700 532
891 629
160 851
548 879
596 695
607 397
607 769
267 891
443 137
443 742
377 718
891 267
267 561
607 687
607 397
607 769
607 591
216 499
216 321
738 654
738 654
592 134
592 927
592 454
861 896
67 656
592 948
231 738
703 951
850 738
214 629
630 891
506 1001
506 924
469 862
267 891
280 360
90 160
891 267
891 630
927 948
927 147
927 515
927 722
927 629
207 953
978 988
978 421
978 795
978 547
978 851
978 469
978 188
978 614
978 301
978 954
978 817
978 167
978 141
978 552
978 424
978 35
978 207
159 142
362 547
157 586
522 61
693 122
693 122
1001 506
581 248
581 135
581 72
362 547
90 531
90 987
362 324
72 581
581 72
165 401
720 680
720 617
166 602
715 926
90 749
334 687
157 356
160 90
164 638
646 927
646 551
646 854
646 542
646 823
646 369
646 62
646 722
646 113
646 535
646 513
646 485
646 250
646 444
374 306
164 788
987 432
987 197
987 364
987 849
987 540
987 840
987 789
987 231
987 311
987 872
987 511
987 809
987 482
987 873
987 994
987 251
987 245
987 28
987 338
987 582
987 433
987 361
987 531
987 95
987 588
987 56
987 955
987 764
987 641
987 68
763 657
558 956
977 418
936 577
126 166
126 586
126 573
1001 924
1001 506
688 404
649 548
67 344
67 963
454 401
454 772
454 429
454 291
647 428
647 990
647 200
647 915
647 136
647 31
607 502
607 223
607 343
607 718
738 329
738 996
75 107
517 112
738 654
738 783
356 586
558 207
35 951
142 915
416 356
67 344
67 963
67 207
429 401
90 920
401 429
166 126
166 586
166 573
891 630
577 936
34 997
159 500
90 433
891 630
698 540
698 840
698 231
698 873
698 245
698 764
462 356
189 884
90 506
393 107
423 101
423 175
423 101
423 175
127 718
631 629
462 833
65 191
581 72
723 41
629 891
936 577
629 24
428 915
428 136
631 561
648 765
500 782
500 332
62 159
891 267
891 629
630 891
630 891
506 1001
506 924
491 5
631 493
175 442
56 423
823 542
823 535
64 322
631 493
921 506
264 329
423 56
159 923
936 577
53 613
569 862
862 569
207 469
374 306
427 955
506 90
32 432
32 19
32 249
32 170
32 843
32 977
32 365
32 236
32 0
32 380
32 418
32 381
32 777
862 569
167 851
362 324
418 996
428 851
915 142
469 167
718 724
34 997
34 855
11 662
171 590
561 846
11 619
977 644
267 891
377 53
214 428
214 142
214 915
171 590
891 267
977 497
977 1001
977 969
290 193
290 53
607 231
321 618
718 127
724 718
171 590
134 592
134 291
134 454
24 629
775 607
629 526
629 894
629 24
629 685
629 846
629 280
629 360
629 630
629 631
629 160
629 530
629 493
629 202
629 561
629 658
657 506
851 428
220 65
220 749
220 75
220 334
977 569
724 718
220 65
220 749
220 75
220 334
607 775
746 692
150 415
855 697
855 540
855 311
150 415
569 862
712 450
712 40
569 470
569 862
569 538
569 991
569 333
569 710
569 502
569 249
569 693
569 295
569 6
569 409
569 976
569 0
569 599
569 605
569 228
275 175
540 311
540 873
540 925
540 955
540 698
540 311
540 955
62 159
159 450
159 712
67 963
67 207
923 193
923 53
749 569
951 338
159 40
923 159
580 569
2 700
193 540
220 65
220 75
220 334
307 159
679 499
712 40
214 765
718 724
65 687
65 334
541 977
159 739
159 544
923 53
738 719
334 65
90 506
738 783
322 879
166 602
166 743
103 206
103 950
103 423
103 514
103 303
103 832
103 164
334 923
334 687
915 157
15 680
15 731
948 927
948 65
948 592
948 126
948 499
948 191
948 859
948 629
372 934
15 370
15 680
15 422
15 731
416 356
159 307
159 742
629 891
918 499
629 526
629 894
629 24
629 685
629 846
629 280
629 360
629 630
629 631
629 160
629 530
629 493
629 202
629 561
629 658
749 746
956 499
840 540
416 885
854 120
569 862
569 862
745 996
318 595
318 71
174 524
915 8
915 739
915 8
915 8
915 739
915 739
506 90
166 185
458 48
458 25
458 499
969 189
541 977
372 934
506 783
506 738
506 236
443 137
443 742
2 977
2 969
738 506
443 137
443 742
1001 506
891 629
862 189
862 189
684 704
702 924
1001 506
977 541
977 541
506 1001
126 586
832 324
991 61
991 654
783 738
783 738
783 738
1 309
991 654
783 654
783 738
2 700
1 343
1001 506
790 680
506 1001
168 472
168 77
2 629
586 356
586 885
586 294
586 166
586 126
586 573
790 2
790 2
790 812
236 977
2 119
418 977
542 528
891 267
891 267
558 684
168 575
119 2
788 634
135 581
77 168
77 260
77 168
372 595
790 812
248 762
236 506
236 670
936 30
372 595
450 762
260 912
260 77
248 157
692 749
692 135
692 581
684 679
324 591
372 572
472 356
372 595
372 595
372 934
630 891
168 557
168 52
168 77
168 260
168 133
168 557
168 607
168 232
1001 506
168 790
168 790
168 912
168 868
790 168
790 168
790 2
135 581
790 912
790 168
790 912
790 168
933 347
933 966
697 540
697 311
697 925
697 855
377 457
674 112
180 958
281 569
855 34
731 422
955 540
955 773
955 311
955 925
955 987
120 854
569 862
618 499
618 321
77 556
569 862
569 862
106 229
106 1001
106 702
246 457
796 143
246 457
469 988
469 421
469 795
469 547
469 851
469 188
469 614
469 301
469 978
469 954
469 817
469 167
469 141
469 552
469 424
469 35
469 207
469 512
316 200
977 921
662 443
631 526
854 542
193 910
630 530
542 646
542 62
569 482
846 561
936 135
936 581
48 458
48 684
915 647
406 696
952 200
977 497
977 1004
53 193
569 749
416 168
723 48
309 1
977 497
977 1004
401 429
936 765
185 458
696 406
159 940
159 776
723 565
723 499
500 159
789 329
630 891
429 401
415 833
415 401
415 569
415 191
862 977
592 927
424 990
34 997
34 855
368 879
978 421
978 795
978 547
978 851
978 469
978 614
978 301
978 954
978 957
978 167
978 141
978 424
978 35
978 207
34 997
34 997
429 401
670 236
273 951
246 724
921 977
915 762
418 996
267 944
268 117
268 98
268 633
268 291
268 454
268 713
569 749
569 482
977 862
418 996
679 73
418 996
569 749
849 275
849 737
849 175
422 731
742 784
401 429
528 542
397 975
159 844
78 538
810 231
716 189
587 720
159 500
135 936
789 329
605 470
605 862
605 333
605 710
605 502
605 249
605 0
605 293
605 228
569 749
707 193
707 1003
707 98
707 680
707 951
707 609
707 39
707 713
765 936
947 774
256 416
416 294
844 499
605 228
191 948
256 416
191 415
977 921
291 134
291 401
291 1003
291 609
291 429
319 499
397 671
191 65
493 978
568 784
78 862
546 65
546 65
940 159
122 61
469 978
789 329
978 547
978 851
978 469
978 188
978 614
978 954
978 167
978 141
978 35
774 947
978 188
500 159
530 915
558 499
159 940
987 749
530 462
530 334
910 193
160 526
280 629
530 280
281 491
629 2
749 569
458 499
1001 685
470 789
275 849
275 737
275 175
936 765
189 716
334 607
936 135
40 450
189 969
607 231
912 168
540 830
718 687
718 591
546 772
546 120
718 122
61 991
921 977
978 795
978 493
569 851
569 189
569 32
569 915
569 685
569 280
569 491
569 530
531 641
207 558
15 731
582 764
912 168
272 900
344 373
951 273
586 157
344 373
1001 106
789 605
344 142
951 703
630 301
166 126
166 586
940 159
628 871
891 530
280 24
595 372
765 936
707 880
40 712
290 159
415 435
592 134
592 713
685 724
685 1001
658 838
592 134
592 927
592 134
592 927
624 692
229 769
13 532
592 948
592 134
472 356
2 700
629 280
457 61
457 19
457 246
457 716
457 522
457 687
457 696
457 423
457 243
457 101
457 866
457 777
749 987
978 988
978 421
978 795
978 547
978 851
978 469
978 188
978 614
978 301
978 954
978 817
978 167
978 141
978 552
978 424
978 35
978 207
122 718
629 526
629 894
629 24
629 685
629 846
629 280
629 360
629 630
629 631
629 160
629 530
629 493
629 202
629 561
629 658
61 122
56 329
294 416
421 630
334 718
723 704
2 790
2 700
629 24
90 749
90 692
891 530
532 516
532 881
532 790
532 2
532 13
532 700
532 761
537 208
537 236
313 885
101 457
32 502
32 189
978 493
275 114
977 497
977 153
977 969
977 1004
142 344
951 502
987 251
428 915
428 136
977 1004
372 415
334 159
334 776
290 214
290 159
493 978
977 1001
950 303
53 377
500 782
500 332
977 418
134 592
134 291
134 454
135 581
915 731
915 428
454 401
454 772
454 120
454 429
871 628
772 61
772 166
772 823
772 586
772 573
915 731
859 743
696 457
415 372
966 168
14 644
410 541
410 650
410 837
410 153
410 16
410 1001
410 482
410 969
410 924
410 994
410 251
410 433
410 175
410 777
410 122
628 871
944 267
743 859
32 569
248 157
871 628
1004 189
936 135
936 581
246 457
1004 189
565 159
301 630
743 912
743 356
833 462
672 318
159 851
159 978
192 381
422 540
418 977
316 915
977 418
966 933
966 347
418 996
565 159
540 422
731 915
157 586
193 714
605 789
126 416
192 381
698 540
698 840
698 231
698 873
698 245
698 764
157 248
774 947
61 517
61 674
61 356
422 540
333 502
535 646
769 229
388 612
107 118
107 5
107 440
107 670
107 201
696 377
334 75
248 157
628 871
429 401
429 291
429 454
157 248
558 499
569 862
947 774
73 499
569 32
38 159
569 631
377 53
114 275
114 275
48 458
48 684
53 377
41 565
41 499
377 457
695 40
630 421
48 499
187 40
630 469
630 188
630 301
612 832
764 582
470 409
758 499
758 844
193 53
106 1001
582 764
126 356
118 716
313 885
267 891
857 292
657 506
540 422
948 927
948 65
948 803
948 52
948 267
948 517
948 126
948 112
948 674
948 499
948 500
948 416
948 191
948 392
948 313
948 859
948 629
948 459
90 189
187 802
633 416
136 428
136 915
629 948
703 951
275 849
275 737
275 175
644 14
891 267
427 955
301 188
948 927
948 65
948 803
948 592
948 267
948 517
948 126
948 112
948 674
948 120
948 499
948 500
948 416
948 191
948 392
948 313
948 859
948 629
948 165
948 459
553 107
553 107
553 107
427 955
267 891
891 267
107 980
772 739
528 380
423 457
53 923
193 127
362 808
153 977
334 687
977 153
423 716
423 710
423 175
423 779
423 866
423 184
774 947
870 658
663 343
764 582
418 331
663 223
191 948
553 107
629 891
582 764
32 569
159 8
65 948
847 207
866 457
179 887
847 547
530 851
530 915
530 280
530 920
120 772
530 267
854 542
849 338
381 506
915 731
75 879
915 136
644 977
624 245
168 260
644 14
423 710
720 731
377 53
658 870
788 638
292 857
870 658
765 591
740 106
159 38
334 923
334 159
703 951
765 30
321 499
318 684
772 120
772 75
772 609
772 454
469 630
502 951
538 569
38 159
526 360
159 38
62 646
62 551
62 854
62 369
62 513
62 485
356 472
126 166
207 847
260 168
356 30
260 77
638 788
629 530
915 316
547 847
11 633
542 157
388 951
214 742
77 260
327 381
891 530
199 924
847 165
168 260
360 280
77 912
77 168
530 629
260 168
458 48
458 25
458 704
458 684
168 260
532 192
532 192
1001 977
207 954
321 704
168 77
168 77
538 502
532 700
718 61
530 629
530 891
693 228
530 630
530 630
891 630
530 629
506 657
530 629
530 891
891 530
472 356
712 380
2 956
2 790
2 700
595 372
372 595
630 891
260 77
372 595
790 812
586 267
586 267
586 885
586 573
586 166
586 126
790 812
586 267
586 166
586 126
586 573
30 765
30 135
30 356
30 313
506 199
232 168
790 2
790 2
790 2
165 207
165 31
324 700
454 134
454 592
454 772
454 120
742 659
742 659
506 644
30 356
30 936
644 506
812 790
485 62
790 812
812 790
587 326
401 415
401 429
401 291
401 454
542 157
429 401
429 925
663 343
663 950
401 415
401 429
401 291
401 454
956 2
790 812
782 435
703 951
159 629
933 723
502 538
951 703
334 923
334 687
334 159
220 65
220 749
220 75
220 334
674 112
879 75
707 880
1004 189
854 120
909 58
885 214
322 879
329 334
245 624
716 118
77 260
630 790
14 644
628 871
951 703
418 996
418 996
704 723
991 654
592 927
214 159
401 429
713 98
236 506
602 743
253 290
38 159
429 401
592 134
592 454
362 993
713 98
723 933
267 586
401 429
75 879
353 185
695 159
75 923
885 313
429 401
718 724
98 713
550 546
120 854
253 566
236 537
933 723
704 321
680 584
429 454
272 214
272 40
977 1001
659 742
718 716
454 401
454 772
454 120
454 429
454 291
157 915
499 684
401 429
569 631
724 246
871 628
401 415
401 429
401 291
401 454
401 165
704 684
731 281
429 401
569 749
569 482
569 415
454 134
454 592
454 772
454 120
742 214
923 75
580 791
742 659
569 482
680 584
743 602
185 353
313 885
790 2
630 469
936 765
749 191
749 220
313 885
165 31
165 948
582 105
157 542
165 401
631 569
272 40
716 16
577 686
650 644
200 17
200 647
200 428
200 142
200 990
200 971
200 857
200 302
200 915
200 952
200 136
200 31
200 344
200 165
200 543
200 953
200 316
58 909
98 268
98 592
98 291
98 713
353 185
229 769
401 429
401 291
401 454
214 923
472 356
401 415
644 14
16 716
955 540
955 311
955 925
955 987
724 246
936 30
631 561
62 800
159 713
855 34
855 697
98 268
98 592
98 707
98 291
98 713
291 454
472 416
454 401
454 772
454 120
454 429
422 680
775 157
674 112
416 762
631 569
644 650
643 381
423 246
423 101
422 680
926 147
470 862
470 538
470 333
470 710
470 502
470 249
470 693
470 6
470 409
470 0
470 599
470 605
470 228
422 680
470 789
422 680
98 134
98 278
98 117
98 107
98 454
758 956
758 918
586 267
334 159
422 680
923 197
569 862
105 582
586 267
650 644
98 107
926 715
214 159
923 214
923 159
569 749
159 8
846 547
248 581
537 236
765 936
159 38
846 561
335 790
98 134
98 268
98 592
98 278
98 117
98 107
98 291
98 454
98 713
723 565
248 157
72 159
98 134
98 268
98 592
98 278
98 117
98 107
98 291
98 454
98 713
470 789
742 229
926 577
742 229
377 630
377 731
377 530
915 731
742 229
662 267
662 466
267 662
98 134
98 268
98 592
98 278
98 117
98 107
98 291
98 454
742 229
105 582
335 464
267 662
854 646
854 551
854 542
854 823
854 369
854 62
854 722
854 113
854 535
854 513
854 485
854 250
854 444
630 377
343 587
662 267
662 466
749 569
868 586
868 573
977 541
569 749
569 482
569 415
107 118
107 5
107 687
107 440
107 670
107 980
335 532
98 707
98 278
98 107
718 866
936 765
663 223
663 343
546 48
546 844
157 248
106 740
663 950
133 416
159 565
977 236
718 708
248 157
191 415
175 5
159 720
659 742
582 105
774 947
159 214
569 862
980 107
947 774
159 660
53 569
569 749
586 885
586 762
157 248
418 996
868 573
418 977
313 765
646 854
502 862
502 569
977 418
859 472
493 630
232 168
855 34
855 697
951 609
98 107
98 107
569 862
890 923
586 157
214 742
693 32
693 433
418 996
98 107
409 506
912 77
712 466
98 107
712 466
950 663
106 740
98 707
98 107
713 98
978 817
500 890
541 977
609 772
229 483
609 707
629 526
629 24
629 685
629 280
629 360
629 630
629 631
629 160
629 530
629 493
629 561
629 658
629 159
418 996
772 609
157 586
440 537
977 418
236 537
98 107
817 167
609 923
774 947
660 159
440 537
165 207
609 772
175 5
951 338
915 136
440 380
580 976
713 98
401 429
947 774
466 712
703 951
713 98
742 769
106 740
253 566
429 401
90 660
316 428
713 98
812 790
812 700
229 469
713 98
229 469
954 207
966 933
966 347
966 935
90 978
915 157
915 731
90 569
62 542
609 197
609 890
609 707
609 235
609 633
954 978
573 868
53 923
862 189
880 923
105 582
862 189
844 157
844 684
586 157
443 137
443 742
98 107
774 947
772 120
772 75
772 609
772 454
98 107
248 157
98 107
248 157
765 648
107 98
654 991
978 988
978 421
978 547
978 851
978 469
978 188
978 614
978 301
978 954
978 817
978 167
978 141
978 552
978 424
978 35
978 512
132 879
236 977
105 582
180 829
731 915
569 502
569 470
569 862
569 538
569 991
569 333
569 710
569 502
569 249
569 693
569 295
569 6
569 409
569 976
569 0
569 599
569 605
569 228
628 871
15 731
174 139
174 125
174 102
174 832
174 510
609 239
609 951
267 869
707 609
418 996
120 291
120 752
284 731
418 996
207 165
418 977
207 953
582 105
879 132
207 165
609 833
609 927
609 214
609 546
609 159
416 573
582 105
586 762
609 239
609 951
609 90
609 291
609 454
609 633
15 731
871 628
698 540
698 840
698 231
698 873
698 245
698 764
136 428
136 200
136 857
136 629
32 693
418 331
75 850
75 127
75 91
75 607
75 107
75 220
75 334
418 331
75 772
693 228
553 107
470 789
772 75
180 217
92 953
284 731
586 868
586 573
585 870
977 418
977 418
808 569
791 862
462 833
362 547
850 833
850 134
850 185
850 752
14 365
850 752
424 421
424 795
424 207
159 669
890 500
664 380
890 500
40 450
752 191
248 135
462 833
248 550
90 702
769 692
322 223
927 646
927 551
927 854
927 542
927 823
927 369
927 770
927 722
927 113
927 535
927 513
927 485
927 250
927 444
40 450
702 90
31 24
607 231
248 450
248 502
248 492
248 157
248 595
248 915
248 586
248 762
707 680
707 880
377 630
947 774
995 334
236 208
236 537
159 923
569 749
832 174
90 32
702 670
565 159
923 159
565 159
290 193
290 53
936 135
936 581
65 784
137 443
92 953
418 977
854 61
418 977
197 923
90 802
617 720
923 197
90 702
617 720
915 731
774 947
617 720
214 159
731 284
743 550
106 1
106 229
106 139
106 780
106 309
629 280
629 526
629 894
629 24
629 685
629 846
629 280
629 360
629 630
629 631
629 160
629 530
629 493
629 202
629 561
629 658
731 720
573 586
629 526
629 894
629 24
629 685
629 846
629 280
629 360
629 630
629 631
629 160
629 530
629 493
629 202
629 561
629 658
745 996
334 995
334 65
334 749
334 687
334 607
334 692
260 575
587 343
670 702
356 30
65 334
356 30
327 381
322 879
462 280
450 802
174 832
629 462
680 731
25 458
558 499
558 321
558 207
24 31
817 421
817 424
817 207
322 879
197 923
31 165
31 990
103 950
313 984
643 685
685 643
497 491
214 742
236 189
188 630
607 377
416 356
443 137
214 923
704 321
280 629
280 851
977 541
188 431
541 977
260 575
435 500
851 280
398 712
915 157
435 500
915 142
915 857
915 165
561 846
56 749
56 692
731 720
61 854
790 630
586 573
923 197
189 236
915 762
186 267
223 322
586 541
586 58
586 479
586 196
586 264
586 160
586 885
586 214
586 159
818 438
586 762
586 111
586 854
531 56
248 915
105 418
356 209
630 790
630 188
260 168
260 168
236 189
105 582
272 214
712 398
30 936
644 14
30 356
30 356
644 199
540 987
644 702
306 659
401 415
401 429
401 165
401 415
401 165
987 540
293 569
14 644
362 381
294 817
189 236
424 990
774 947
190 471
220 75
684 48
500 332
160 629
207 469
26 40
334 75
334 607
955 540
955 773
955 311
955 427
955 873
955 925
955 987
160 630
291 268
291 1003
291 454
572 662
267 186
605 569
605 293
854 586
190 353
190 274
267 662
842 702
190 891
592 98
977 153
190 373
379 568
190 656
401 429
420 164
500 890
500 923
628 871
499 687
499 956
499 48
499 558
499 321
499 607
499 844
470 569
429 401
420 164
662 443
662 267
702 842
977 153
322 64
469 954
159 72
915 248
420 164
924 199
5 107
541 923
366 972
672 48
592 199
702 644
316 428
580 143
306 229
624 364
624 329
638 634
572 372
854 61
832 788
643 685
629 280
854 517
537 440
321 704
495 159
602 416
629 891
517 854
842 702
629 136
542 62
309 1
838 630
90 742
416 260
40 147
580 143
77 556
185 762
686 577
175 849
421 978
418 996
189 1004
75 607
75 53
702 842
190 891
984 586
418 996
984 762
193 629
978 421
267 586
153 977
267 256
267 648
267 517
267 112
267 186
267 478
256 267
256 648
256 267
256 517
256 112
256 186
256 478
629 190
499 844
842 702
765 313
267 586
592 134
592 98
267 530
724 246
629 160
132 842
749 569
656 301
260 416
143 796
143 872
918 758
415 833
415 401
415 150
415 569
415 191
697 311
697 925
697 855
190 891
423 377
415 833
415 150
415 569
415 191
704 321
630 838
648 267
936 765
936 765
416 260
422 731
38 159
260 77
842 132
347 577
1004 189
175 849
558 956
558 318
558 684
558 844
180 958
838 658
849 175
765 936
838 392
765 936
737 537
440 537
624 245
248 157
77 260
765 313
517 267
175 849
321 704
548 164
392 838
175 5
838 658
978 795
978 547
978 188
978 614
978 817
978 957
978 167
978 141
978 424
978 35
978 207
838 392
978 167
443 550
443 193
443 53
401 429
401 291
401 454
401 165
742 214
299 634
765 30
15 680
15 422
15 731
321 704
920 851
920 915
920 280
920 530
267 658
749 56
343 303
697 540
952 200
592 134
592 927
592 454
40 712
592 98
920 274
854 646
854 551
854 542
854 823
854 369
854 62
854 722
854 113
854 535
854 513
854 485
854 250
854 444
586 383
977 996
573 868
537 440
612 64
416 356
742 769
15 680
920 656
135 581
135 692
186 267
186 267
132 842
704 321
714 890
714 193
714 617
377 607
418 996
418 996
164 548
586 854
586 984
586 267
586 267
704 321
966 933
966 347
966 935
56 193
478 267
478 267
377 423
214 742
159 565
517 256
517 648
517 267
517 112
517 186
517 478
274 167
951 338
193 56
978 493
842 132
40 712
415 630
118 107
541 173
418 996
418 996
321 704
696 360
77 556
977 996
550 546
260 77
53 923
862 638
103 950
103 514
103 303
103 832
260 790
220 65
229 483
607 91
607 377
418 996
303 343
220 415
214 765
406 12
830 193
704 321
936 765
843 320
851 978
698 540
698 840
698 231
698 873
698 245
698 764
472 168
546 443
530 24
369 556
369 263
321 216
132 842
719 410
24 530
718 502
718 687
718 915
718 980
718 591
429 401
718 708
718 916
862 569
24 547
569 862
569 749
569 482
569 951
569 605
569 502
547 24
313 256
795 424
147 214
702 842
704 743
106 634
704 684
334 718
951 214
401 429
377 607
416 762
915 718
256 416
440 537
90 742
631 112
31 165
38 159
418 996
24 547
418 996
267 478
712 450
712 40
712 159
542 157
267 256
267 648
267 517
267 112
267 186
267 478
565 159
186 267
193 830
517 61
607 377
188 421
188 141
418 105
605 333
472 168
859 743
605 693
660 784
308 748
648 267
500 435
500 782
500 332
418 996
712 450
712 40
712 159
774 947
416 912
416 168
429 401
429 291
429 454
607 687
607 591
5 175
947 774
214 223
478 267
987 588
478 267
987 872
774 947
859 472
256 267
765 936
547 978
719 783
719 13
719 738
569 749
569 482
569 951
569 415
569 599
569 605
885 648
569 862
885 648
977 153
267 478
267 478
648 885
569 749
996 418
56 193
977 153
862 167
818 438
418 996
631 561
267 517
153 977
607 483
607 591
61 517
978 988
978 421
978 795
978 547
978 851
978 469
978 188
978 614
978 301
978 954
978 817
978 167
978 141
978 552
978 424
978 35
978 207
648 885
891 530
193 56
569 749
558 956
558 48
558 216
558 319
558 499
558 321
558 458
558 207
547 978
977 153
977 153
418 996
891 24
377 607
15 406
418 996
499 684
101 149
977 153
977 153
885 648
966 171
966 933
977 153
223 663
418 996
377 605
933 171
936 765
648 885
90 865
429 401
429 98
429 291
429 454
308 926
607 687
607 377
607 591
795 421
795 424
790 260
581 135
581 692
788 634
795 421
795 424
718 404
795 424
795 421
167 978
407 843
184 393
184 607
643 685
406 15
267 517
607 927
418 977
267 142
630 415
592 134
159 450
159 40
159 712
134 515
607 231
718 246
933 347
978 207
493 978
418 996
977 418
517 267
517 267
418 996
517 267
470 333
77 260
663 706
418 977
64 534
977 418
704 458
246 718
685 643
743 859
731 422
629 526
629 894
629 24
629 685
629 846
629 280
629 360
629 630
629 891
629 631
629 160
629 530
629 493
629 202
629 561
629 658
174 534
450 159
141 188
14 506
75 945
75 223
75 189
75 617
75 6
75 462
75 670
75 535
356 586
505 174
470 789
470 605
164 174
714 890
714 193
714 617
356 209
714 890
714 193
714 617
2 75
75 550
686 577
605 693
14 1001
14 702
868 416
868 356
868 762
470 249
470 409
977 153
24 891
75 334
365 14
14 365
458 704
458 704
164 420
710 599
356 416
356 765
356 868
356 762
704 458
398 712
743 472
56 193
356 416
410 719
381 327
103 950
103 514
103 303
335 532
362 922
915 157
530 629
915 157
915 157
416 356
502 718
502 569
950 103
356 859
356 743
356 30
732 0
684 517
684 542
684 157
684 586
684 356
684 535
684 743
356 574
684 704
175 670
843 407
605 228
915 75
136 200
712 450
712 40
712 159
175 670
915 316
356 256
915 248
915 912
915 542
915 157
915 168
915 472
915 356
915 765
915 684
356 256
236 189
542 157
712 398
506 996
506 644
48 684
614 978
542 157
648 762
915 980
915 718
915 428
915 629
918 499
818 58
818 438
103 950
103 514
103 303
103 832
360 526
516 790
866 718
924 14
530 718
103 514
790 516
790 516
790 2
248 550
248 550
439 168
516 790
790 516
790 516
575 232
790 700
135 30
135 82
135 870
135 581
135 628
135 75
135 82
135 870
135 581
135 628
872 987
577 686
267 662
685 643
199 506
644 506
644 996
644 506
168 472
168 912
168 77
168 260
168 472
697 170
587 720
159 450
159 40
159 712
167 862
142 267
142 92
142 953
362 909
159 450
159 40
159 712
362 528
142 207
719 783
719 13
719 738
631 561
541 173
428 569
142 267
629 915
334 546
415 435
1001 850
13 719
13 738
159 38
75 2
415 504
630 267
38 638
65 220
542 535
569 502
214 765
106 1001
1001 106
605 228
267 142
157 718
933 171
267 630
630 267
742 769
415 612
106 1001
629 360
631 281
415 435
629 891
569 428
517 159
142 267
38 638
38 832
415 987
517 159
32 572
879 174
742 90
360 629
517 159
500 923
256 356
633 612
267 142
630 685
194 306
401 415
401 429
401 291
401 454
401 415
401 429
401 291
401 454
401 165
987 415
923 541
971 200
971 200
193 714
175 5
531 482
704 723
704 41
849 275
849 737
849 175
429 401
415 987
849 275
849 737
849 175
849 275
849 737
849 175
369 770
193 714
849 275
849 737
849 175
707 880
175 1004
48 25
849 275
849 737
849 175
774 947
714 193
844 672
48 25
935 776
469 264
175 1004
517 166
517 565
517 854
517 542
517 157
517 602
517 586
517 356
517 765
795 424
174 139
174 125
174 102
174 510
702 382
159 517
592 927
401 429
207 142
849 275
849 737
849 175
493 301
5 670
530 629
933 171
428 569
749 264
322 879
429 401
428 569
301 493
795 424
795 421
795 424
795 207
401 429
684 499
849 275
849 175
493 301
428 915
469 630
31 165
207 957
842 132
629 530
193 890
193 714
175 849
175 275
643 685
685 643
207 421
207 795
207 547
207 851
207 469
207 188
207 301
207 954
207 817
207 957
207 167
207 424
207 35
207 241
957 207
175 5
789 470
630 469
307 159
643 381
586 356
933 171
199 996
159 517
685 630
643 685
630 685
849 175
469 630
313 30
316 915
868 356
868 762
630 469
381 643
193 550
193 923
429 401
62 646
62 551
62 854
62 369
62 513
62 485
854 923
861 896
684 356
401 429
506 996
506 644
685 643
401 429
765 517
685 630
24 160
586 648
485 62
214 159
429 401
684 48
53 61
101 246
101 423
122 693
586 718
166 517
377 246
586 166
586 573
921 657
684 48
723 704
586 416
947 774
704 723
585 909
718 586
718 157
718 530
347 933
987 531
921 783
921 506
662 443
714 193
843 407
933 347
586 166
586 573
586 762
662 443
264 749
398 712
927 607
187 466
90 660
586 517
1001 644
15 680
749 264
718 61
977 418
96 638
96 299
96 509
96 634
96 832
854 517
774 947
855 697
232 126
1001 828
1001 106
660 90
159 306
926 577
926 715
782 500
842 702
401 429
1001 644
843 907
31 165
246 724
718 708
718 916
643 685
77 260
879 322
702 842
193 714
193 776
175 849
175 275
175 1004
854 120
586 416
586 356
586 334
586 762
832 96
193 714
207 795
842 702
290 214
290 159
190 920
686 872
472 743
159 923
977 418
472 356
933 171
977 418
101 246
423 246
423 101
423 175
548 174
644 506
586 718
663 649
977 644
862 167
713 98
713 98
96 832
947 774
774 947
714 193
586 166
586 602
862 428
724 246
842 702
232 575
923 159
774 947
420 96
644 752
250 332
428 862
977 497
977 969
977 1004
388 322
702 842
517 586
977 1001
132 842
322 388
256 648
250 332
630 415
629 526
629 894
629 24
629 685
629 846
629 280
629 360
629 630
629 891
629 631
629 160
629 530
629 493
629 202
629 561
629 658
830 692
246 724
612 633
947 774
978 988
978 421
978 547
978 469
978 188
978 614
978 301
978 954
978 817
978 957
978 167
978 141
978 552
978 424
978 35
978 512
1001 977
713 98
713 592
362 602
833 159
644 506
881 541
833 415
977 1001
1001 977
105 418
550 248
462 450
462 248
462 851
462 923
462 223
462 517
462 542
462 157
462 687
462 783
462 449
462 742
462 670
462 692
462 718
462 591
462 334
429 401
833 185
833 462
550 546
833 617
833 617
833 720
428 31
428 953
978 988
978 421
978 795
978 547
978 851
978 469
978 188
978 614
978 301
978 954
978 817
978 957
978 167
978 141
978 552
978 424
978 35
978 207
978 512
531 987
531 482
531 641
774 947
214 272
788 740
120 854
236 1004
977 1001
718 61
752 644
193 714
862 569
569 281
569 428
569 580
569 188
569 502
569 189
569 249
569 977
569 78
569 685
569 422
569 31
569 360
569 293
569 491
569 631
569 953
61 388
61 343
214 159
280 65
842 132
687 65
193 700
159 450
65 280
446 764
743 166
193 617
664 107
214 923
955 540
415 630
862 569
284 731
401 429
978 851
978 167
327 381
955 773
955 427
955 987
321 618
516 437
450 159
697 540
697 311
697 170
697 925
697 540
697 311
697 925
132 842
629 530
862 569
546 607
360 569
629 891
112 631
891 629
500 782
500 332
126 232
587 720
260 912
260 77
260 168
249 862
249 569
862 569
200 267
587 326
700 790
693 569
693 122
105 582
239 951
818 58
818 438
500 159
629 891
509 780
458 25
458 844
969 761
761 969
159 915
159 136
62 542
586 541
586 58
586 479
586 196
586 264
586 160
828 1001
761 969
758 844
586 541
586 58
586 479
586 687
586 196
586 264
586 160
516 790
951 915
851 591
670 29
586 383
497 977
157 718
569 470
569 862
569 538
569 991
569 333
569 710
569 502
569 249
569 693
569 295
569 6
569 409
569 976
569 0
569 599
569 605
569 228
497 773
470 789
663 343
147 577
569 693
105 582
105 418
383 586
530 629
428 915
587 720
631 24
322 388
428 915
260 575
540 987
629 530
963 67
788 299
788 634
788 96
788 106
788 634
499 565
506 996
506 199
506 644
923 193
830 769
670 5
423 246
423 101
2 75
868 586
868 573
248 718
509 303
388 322
500 782
322 388
776 687
915 629
900 272
418 105
900 272
450 718
915 136
168 912
168 77
168 260
742 769
260 168
682 738
742 443
742 443
790 812
103 950
812 790
105 418
561 846
561 846
912 77
912 168
712 450
712 40
712 159
418 331
712 450
712 40
712 159
168 912
168 77
168 260
168 52
168 133
168 557
168 607
168 232
790 516
168 966
168 439
168 439
168 912
168 472
168 356
168 868
168 232
168 912
168 912
168 77
168 260
30 313
168 868
168 472
105 418
742 443
77 556
77 294
77 260
77 439
842 132
912 260
936 135
936 581
450 712
292 135
292 581
170 264
912 356
500 435
500 782
644 199
260 912
644 199
264 692
260 168
440 737
891 629
443 742
260 168
